165673
346283
498148
608500
807863
661279
704802
165261
80609
628686
723185
630250
597706
379110
789546
773616
859924
561561
940056
825945
183326
482788
689974
162788
161855
951347
743741
633805
868316
463331
964745
390688
491512
553143
370056
749872
819009
665855
725861
774823
269968
823326
492693
899050
756567
92825
112697
210045
406632
798025
323505
286395
292162
771152
116860
704352
872056
990396
178046
534817
691920
463567
127189
754725
347360
928263
746524
676758
459333
933076
404219
431758
657328
510995
937200
29978
469860
768380
616406
856939
689927
652783
675439
105778
513757
21798
520025
903854
454657
400811
273753
136379
211101
447142
167620
953424
389348
127007
165440
960241
584663
61280
874960
200337
749532
797483
333045
570430
13591
798809
692474
362041
568248
700082
938488
913950
238898
189840
907366
538060
862561
758638
145222
482441
316338
302455
475114
314080
791670
895214
785497
481705
785920
489096
207919
688191
681685
854658
356552
664639
320195
496608
775378
122620
669229
976788
153668
454143
312513
116477
891556
326498
759950
545585
844294
360671
132820
873154
221730
471579
117457
671043
588361
975867
522237
251673
157478
77786
624937
165736
602592
977536
318398
81344
949840
314757
107219
120354
195382
713752
274747
577853
780951
921683
707393
406823
192646
289515
883682
894582
408012
220384
661249
936103
611012
75432
189062
664329
163643
779486
204550
692771
741896
271052
633533
895090
223938
823464
487335
175398
191070
616506
944422
815028
124322
646421
800607
880376
695304
995698
590481
203948
479475
697457
918954
356206
455501
665157
114864
288799
669067
979865
585543
495050
520211
189302
248549
39523
201138
616584
207918
122696
654948
328472
896780
811782
258192
43176
554716
184652
920840
6846
758737
762220
920464
129899
740669
174385
709385
402686
287335
560637
175145
224764
612213
203272
580335
97573
487311
921348
753895
350161
587736
944724
18073
836421
163549
903863
274638
830600
143364
730775
764381
824695
170377
336366
308080
463943
900250
32990
62444
514138
686594
447459
42526
318037
173775
573262
681501
696702
282526
876905
579750
640061
30608
930924
93971
867194
734838
843640
187670
82270
971362
848779
515613
339218
8387
970810
721459
682615
842032
450159
192933
422561
972531
918668
407948
425621
968380
204027
544639
80556
236361
351282
101091
351470
694449
103862
869585
214243
454426
41580
909854
728555
55160
96670
302733
823479
884386
565818
838058
957679
218536
458019
408407
786033
271733
354823
812594
781975
794847
406143
647635
724144
941017
965170
29772
263469
803043
213002
175095
541973
333563
425252
642998
472920
333067
864405
184515
937594
749865
915479
967849
515684
240300
179284
692365
251069
242879
312900
23424
127362
607489
753773
886614
422594
816204
784222
73408
223558
708400
601973
309332
159317
874883
752740
406064
678003
444403
174778
710903
554442
296318
774280
924212
334302
879754
917516
546910
186262
876579
868601
200163
632485
499596
172311
34854
874030
869486
571516
47350
192667
496267
820734
958732
125158
495477
139847
393984
692112
717069
675582
499086
815761
880182
953165
348294
658489
761104
5578
257201
834675
173584
815564
409366
973036
887538
567788
446592
553744
150452
613050
252139
615322
19990
537216
61479
743502
397203
879198
62100
6436
789824
259171
323514
569761
772067
732954
193270
574758
661595
145232
45946
594587
910989
320849
36379
419569
832919
164049
597479
844992
676896
186702
798342
392510
577486
943359
185693
699457
133938
899418
377857
176641
769118
919525
685960
654534
81254
315292
738170
749400
953610
367206
869440
825835
99772
417610
203056
102241
258939
219455
205546
58226
629853
143576
272749
78453
428235
744359
587698
289486
501655
664869
505416
721740
911968
704885
753325
181995
193756
69955
270915
225544
131226
363329
454149
100593
295368
796601
78470
874113
238052
343879
574166
72658
399443
934845
300665
666633
690764
497462
19849
499237
793885
828965
991456
422441
108392
287565
587279
450723
163765
892030
978038
442075
652558
857223
862133
750906
191931
649390
487559
885443
938403
842092
312882
720690
174626
121140
941894
229367
447689
995853
752325
694922
447153
348514
919297
110345
429843
585513
141297
716554
870240
886485
941709
672062
488097
123026
808007
983149
792683
178947
870990
971714
762415
796719
576748
514943
375394
130882
507606
429050
383454
372209
909548
798464
742293
568947
295238
871969
522520
183534
951258
256081
92536
711285
314025
945872
300311
702233
734840
228315
938510
714647
445659
967340
951734
805461
160469
844236
439981
915027
321161
134027
394757
184505
676235
744806
112642
265106
158173
92429
152634
954778
198493
116172
726760
286664
550018
129107
351100
397044
550081
369729
806156
496297
935765
545377
199579
988430
217036
189846
712500
346449
849104
927445
665001
847047
673103
915080
478220
874864
700645
67009
212066
807729
677694
659429
98825
113737
590818
454091
371587
190664
693443
673386
882390
254062
596344
196629
996065
367202
902423
57950
687591
439516
55883
336083
413210
290102
462225
510649
921927
614266
276605
918832
87138
82510
351675
36002
508313
676534
408030
540761
715974
859298
856751
229514
266687
348907
754703
261182
918974
988647
964567
623898
485103
954903
913966
400900
73952
664785
864321
92607
105678
184367
741990
789175
220092
432218
218437
120548
199930
530505
180620
476834
27781
174034
470787
837612
871758
926395
953514
830640
358308
100523
190633
243553
251231
616156
441877
759044
650827
802401
454171
430980
923332
789977
360569
614558
469094
910981
271145
662604
800396
54425
654854
356478
141910
826392
388167
363057
603178
310005
406741
825544
704540
309041
671737
153771
301514
208825
935834
434437
731040
392340
508338
882476
735532
703551
498172
995785
438837
50323
361262
426857
839119
175172
479702
408310
895688
949674
897643
700080
453907
73332
6286
67763
561518
843011
988245
340536
547056
604893
190346
588644
720082
811745
927755
154006
920611
32395
866747
395587
123836
539496
387492
906
189665
660955
4202
815828
616712
754313
886963
540338
735105
99038
538011
939103
740229
369838
548843
633821
697049
487380
892130
991157
692594
798456
420408
434382
116180
928894
753193
883278
528427
104785
803941
620801
355857
275000
452726
272450
191978
417124
879013
218139
687490
118805
681456
84428
89711
670757
772855
289733
335725
810893
819690
313896
305345
9213
600476
182764
36158
20127
979278
643164
489146
12682
450583
809234
964332
534082
63083
342572
615201
182641
991876
407384
82000
597754
570801
245054
826407
444120
886408
477250
55992
637331
785943
687846
43072
607423
695703
297750
717523
326077
718145
128282
564467
271010
278121
584117
557409
301068
403337
86509
615781
610804
588210
940336
58518
272868
633254
467171
117674
920423
105661
200948
265911
392457
155003
487344
866838
723238
58503
602306
430143
280986
387390
346315
824789
124127
817127
503302
739123
87276
622532
507608
928386
327999
901717
97879
899320
126207
348905
672814
999978
566204
31913
442375
972792
249594
269092
876235
167744
41939
227714
390506
536504
390542
202920
334768
872305
347546
887632
166232
567395
703892
967124
252577
856417
583437
727211
964035
446984
69320
889221
319503
891778
561974
377165
371627
257464
49527
988482
103046
352582
153119
976875
488921
511623
804558
482643
833986
363118
778481
872292
400478
485279
22103
71798
725345
978811
378533
164278
817428
219948
63814
793968
754475
754600
197323
989696
912156
771879
516632
504732
326896
133507
583466
462282
592198
417953
978159
957774
501735
783932
648519
587750
924440
287049
95722
979379
916774
888098
226407
666438
988335
934330
450929
431749
902174
159812
417711
116859
617760
853285
592189
375173
331667
700012
632558
538561
954228
971807
407443
313246
213140
136208
548535
65667
778217
163124
711904
591283
759996
935251
183514
593668
8334
642584
104695
970638
248545
375431
199294
46033
280252
667607
943778
579681
197986
598189
185869
243312
527197
999612
249934
483284
43874
819507
75042
109920
475209
684998
697850
600689
493068
749578
262700
194526
740188
917897
473925
491133
924490
169603
647117
46402
18770
278566
544581
894189
77169
43991
30425
220174
940087
351153
180864
560633
7543
886631
286220
853696
529944
567663
226471
582758
950302
410467
873195
787455
626857
598719
235349
47606
622791
940250
550912
310919
629457
793958
542580
953692
173541
800627
485210
145211
816361
85473
700878
277432
516424
947916
530397
161192
729513
808217
94545
36744
892434
173638
921615
297777
607565
67471
970605
912248
490498
931695
809277
730717
639229
847507
797465
721155
704588
895033
632636
146124
923701
928063
565132
209914
83643
12404
796456
680358
687576
565376
115963
382050
506071
593555
353883
507588
396426
353980
152648
614405
990232
542880
661260
708648
351106
408808
306157
382043
894847
640632
930791
466501
238872
203571
691013
485650
375176
599700
578395
224844
652963
124281
842762
776666
635255
489442
653737
434459
32537
229203
6215
505704
913779
994944
58594
791742
743467
131436
423353
780512
468487
201517
10052
525936
954858
794661
314607
314372
897260
265437
422632
643528
567151
411843
994371
949243
936330
968096
142725
484751
122903
213407
381925
14398
898653
370695
279816
985616
165431
767179
879052
899965
399497
709179
356887
980337
204107
541304
107835
251391
68157
601083
589373
400991
989033
551128
737492
877541
118862
12232
693559
820380
885508
830630
635491
814778
257357
999610
680377
481299
53765
359144
480088
47959
514356
887227
238163
367700
241747
288196
514945
320697
774416
623306
737616
594704
75040
389678
867856
205417
182362
908919
981417
18165
52432
651423
213855
648870
4415
88213
414982
109007
29655
286862
55726
183382
424217
748154
865431
322659
814934
917490
983669
532126
695753
984542
686743
910203
451373
914864
705538
759377
397856
329248
172878
466019
340247
176128
540581
224576
864233
372567
96142
879521
432836
272786
903680
633631
505040
704522
748613
608346
114961
393415
716393
186116
903105
180443
766778
116418
894121
418688
155178
376788
2150
522900
217021
925683
704974
810946
543954
991960
726857
82239
960017
417510
515537
604512
360243
191637
421566
687213
708980
246429
913013
59853
66711
910103
572776
833745
204065
80227
99604
505390
959273
897408
820121
271472
439525
332118
162669
63575
752078
483375
477001
91884
342555
834365
610476
918311
241827
456226
438662
921870
831994
551043
827342
199115
70465
190224
584544
936929
295083
555039
817320
269937
568012
850793
294247
810349
34898
456339
140952
825393
672891
165548
693343
94909
760250
273703
80541
228343
695951
502827
501688
209070
441583
329098
478054
448402
951579
990550
632196
756794
789421
643895
664469
690934
793903
736065
970696
729271
651986
577344
308290
809941
357842
56331
428869
426352
208794
181521
833652
875990
326863
88099
497021
322703
353619
169988
15927
330427
593892
184416
889953
123374
107592
72789
466015
403255
268781
917564
354027
497262
508857
534164
945263
152642
211929
866804
36870
796350
495573
21124
692424
191774
11978
73628
709243
641700
124771
691995
121295
819010
783391
606681
815039
544232
176807
11977
974746
461992
206950
363652
561780
552314
90922
590381
233973
485052
984199
792999
106818
185139
369329
362606
915145
179904
710443
609515
464497
540836
261463
529193
872269
431465
833137
221400
387039
214377
287021
692588
329951
261978
747994
793763
149802
161633
456141
505585
324900
474267
876054
21147
878522
437437
240677
898367
293223
488141
936544
749401
14598
657555
660898
253266
276366
343820
986360
252297
765824
923
205151
823342
171092
337987
46671
419252
434324
398108
848660
154870
448639
374961
324764
591507
744445
306345
437140
960386
450468
13624
881724
882036
362767
87294
991271
403081
133589
502978
287719
710131
749798
682968
171105
505045
127709
870796
933426
543341
320521
318044
954008
772775
341524
519526
799452
948486
519194
486694
114704
797559
432129
534772
859463
934178
851183
345198
255402
627892
743450
26267
715878
107711
130289
241535
419340
303217
648674
930672
188481
332882
79560
500104
853530
196613
46690
346891
329705
477816
619098
180430
414943
145779
858917
406859
966659
593818
302683
546077
914872
737706
727163
778388
513281
985201
520633
952906
943033
812578
489969
863422
275955
805374
180789
662721
70679
282737
293459
885982
741020
597476
664201
738592
974193
828902
548827
721848
703185
187119
960573
637838
406280
477104
758412
916635
518881
266880
119159
667498
461309
906271
407998
315528
185154
850821
443894
992040
299649
253819
606432
316522
432071
893485
833171
620890
895703
408700
222182
337264
733677
831913
63312
314858
694992
996372
23161
415962
672643
535380
143873
22398
100297
10824
861879
639096
294773
38218
552998
1622
103112
77824
91115
763938
258286
874562
534930
560352
149102
651124
432300
716831
158221
432787
111368
712056
829259
386227
515816
313852
499546
634898
750780
699315
281890
914383
190637
663834
486281
887215
116248
930369
368275
210198
83569
522762
498617
42604
601088
57971
874260
718492
530720
60967
282758
266294
312048
48809
208909
763242
298424
900613
328416
407717
182618
469754
942326
658909
75299
25506
240238
949842
918038
490161
622125
772512
720581
13205
867240
937310
876832
209549
536981
726672
716291
956582
673389
477799
877993
481512
107310
447285
629350
903030
621713
985937
796018
945805
29251
583574
725623
991143
444081
999410
423866
859116
336987
519356
544290
205570
202982
441500
301673
650616
447622
773904
250124
424846
851298
565896
286124
235918
18363
864270
692403
955146
935898
445822
989279
522017
431798
850758
783232
156101
276994
376412
259605
31444
318061
156846
210
304249
959982
465688
322245
686654
896430
764403
417273
741696
85333
567862
358115
839128
581992
970593
970875
62143
200299
739948
311964
355725
698414
211004
805527
75158
773594
114603
357695
192551
317408
759240
923912
107788
889993
595997
252896
174789
166219
88944
283645
686835
170869
222918
189042
913189
387874
632016
642002
788360
914980
491201
125514
614980
886821
328143
240834
233993
36045
802770
489408
458945
430771
605314
796169
302153
682989
255013
513488
313935
531067
11538
213230
348478
111676
814203
290006
919981
479785
471587
236552
869041
883715
974173
298534
935362
550771
885477
381365
493412
383168
662920
270669
241999
140806
148163
170073
160663
582527
873364
474671
429654
245254
750614
131882
345520
915644
416814
322264
789260
822698
845161
914955
782341
52024
378717
505843
527496
190700
643107
779880
440635
639763
723273
399863
730766
553451
226473
994576
870085
100963
285825
823642
305865
707242
842551
247930
474124
597435
816087
878317
11651
396463
910876
317718
672290
741900
229395
551897
265590
529314
275005
522277
145691
886923
616013
574498
822742
144692
136905
417093
555909
724387
378901
741051
213868
989168
16740
97806
525424
981346
504514
908648
459632
985218
409657
782335
536615
71338
215510
403607
170861
702634
453338
348572
389609
251273
21402
498249
116402
938388
953675
396175
991601
220988
521378
670133
302308
717488
941063
316950
474101
591062
713091
762819
595188
48657
536559
980976
885777
482177
802388
914071
211496
364042
535640
500377
473900
724307
57375
428254
770675
873435
216495
376732
386615
556060
658433
797039
288941
221546
688974
888646
388490
628837
175360
64471
674984
708105
423251
413262
925590
867860
317258
783077
939280
904103
120699
950727
5208
128839
931643
708935
978688
160046
450367
359140
435868
158704
588302
932861
873974
710092
186788
869024
783563
220431
869705
10386
866619
123333
355234
573316
934467
456236
605642
64421
785870
484116
253635
648599
481780
430469
931413
520097
705450
473525
404856
112773
982583
813732
623296
542053
800668
946660
875649
721231
271715
694176
887459
704587
891737
730588
599420
657846
185486
677641
645920
453325
68663
948579
909601
847368
71653
346085
184332
233146
224823
550353
610397
831372
185482
115307
99155
423192
659150
560033
366913
513051
606475
971039
160682
539115
183413
187689
308649
709025
116621
545651
653872
698882
632944
547305
700830
948991
66426
271168
949924
132125
202773
864753
309249
30862
948697
906780
456956
287606
313143
665075
161241
644611
635702
482477
870455
636066
751267
743710
158745
29970
499309
796096
353195
390867
629615
107169
659453
568576
42031
763588
124940
326626
228066
192286
185252
948971
358127
940823
52842
420498
746976
207283
86943
812749
641778
149541
181991
280882
974080
549193
501315
474219
655622
610570
331533
914972
328413
281782
825633
271603
691666
752379
398655
900644
987111
607170
367728
723007
802733
203794
934502
360442
753607
363577
982306
420310
374589
465584
966875
972921
531039
928652
147157
610005
645055
544790
968134
48480
100123
523432
194283
976745
847864
647628
996483
836361
890364
21283
778585
335084
484942
97452
910111
975538
102700
782258
862902
510418
828171
839547
444321
541170
237524
363281
304220
193418
264103
968244
832434
18629
751161
757579
493634
646875
165010
283932
674491
391392
991856
536275
245607
338042
360461
525491
147699
946441
752480
258969
507275
312728
822188
574828
229066
946015
205393
347722
706444
550319
211099
617377
301151
690547
277078
518283
505920
690446
474323
252758
500030
282533
803838
361224
736507
350939
601565
982158
896826
280733
689472
449144
55127
80756
665778
340895
89260
459113
261739
28210
365179
56353
451779
916786
413419
385517
950093
579693
180455
829539
638295
69978
109448
522347
328514
299368
591270
636046
842037
583970
247599
93432
724764
374256
858717
103524
637630
929351
928823
542028
769037
375081
899169
527239
12640
70128
570356
255732
394550
844141
196270
214831
473815
520828
414152
405640
416015
432954
21939
433739
492071
736909
278326
787540
133560
129816
943569
28368
401756
592928
670676
393866
517205
473341
350117
819122
447786
333946
508390
407797
650613
531736
412276
489723
412117
291693
707926
921177
145122
279167
7120
644543
2853
573288
116344
183399
925751
531797
779970
129715
843062
796502
916358
573317
308968
719373
208557
684980
890369
88760
231437
168861
122
888982
797155
4074
130489
941451
554608
756324
586139
106557
81270
209571
506450
697704
746266
795765
860423
408192
428073
436685
778276
740521
547973
972269
540515
159309
160646
330433
460421
341491
495939
795559
40732
223035
584118
514609
49442
219191
420608
806925
226651
94511
337209
542438
59104
525978
839262
112744
51649
687225
629186
652089
715345
281434
689453
818891
474848
943899
441230
473518
962582
543331
131685
891425
61826
760922
813799
372130
501406
83755
754760
765565
723379
342670
688758
719381
490802
607789
398252
943241
677338
843522
213334
655588
990742
668803
148405
507619
78027
689784
401670
797330
347015
362943
3773
279528
878476
163578
798190
419961
189726
530641
192388
482070
426896
640443
831056
53258
211491
600541
710475
338640
222892
535124
729685
204353
744703
325071
6800
526610
208067
932160
89612
637719
192783
780403
687404
849792
624911
354994
59021
312822
23234
968845
900538
601418
428945
947462
178127
476940
519064
233944
211704
416909
108161
864406
234791
32744
541405
353651
287691
693309
862457
776978
497056
695051
553945
526668
360223
853258
779554
640304
289082
930007
604928
635684
516482
365266
352580
845847
662573
356258
119962
975403
779004
419696
531202
806078
536039
158680
269885
198030
568032
973248
779087
107108
327052
761388
22938
100109
731513
350182
528553
593185
917166
653973
155983
870969
594960
815882
476956
423662
86677
928416
428066
589943
890341
771917
237050
846702
929355
555261
480708
118295
438058
203648
483007
2272
68703
904196
705601
748874
50641
736892
625043
262377
567514
699913
312623
247280
578178
822292
329309
672207
315427
140157
526252
65580
549713
441301
403921
948581
758124
856116
763430
768177
675877
148081
972520
338175
363600
269877
895279
855571
574929
496286
985415
590655
346433
501658
21457
852802
359889
263319
12417
721518
105162
595220
584915
831552
101635
425603
685867
7245
803125
484651
775263
349718
784078
380377
16825
261103
977979
577024
638858
954619
164961
2188
664281
772336
827933
77120
415303
562815
556284
348021
955991
403443
29147
783717
10884
152601
33861
236373
557097
459860
993039
841439
440591
344608
542207
519429
405602
271407
687199
812667
194329
69238
422727
433714
82478
584240
745471
648494
881455
856475
623198
231515
901650
548317
816490
126577
122584
32092
269374
970036
259176
995951
104864
553544
197860
164383
829791
537225
267647
225114
702600
212849
531142
513937
354717
143693
150078
620510
436869
939315
573866
319672
118248
593421
874133
894810
244149
715119
301704
598856
838664
162926
312318
962567
886890
6627
486423
44610
244332
626489
319440
87812
719182
128479
564366
705054
889697
799862
733867
523142
13592
466084
843573
279551
719933
222586
39988
850708
417088
224752
851806
763115
692398
912695
337721
620462
442139
73323
311197
749621
256628
790773
725701
73566
165634
45758
190951
64102
695840
154276
85653
981781
171991
124150
362266
376214
583035
830020
189992
174365
372660
354645
214052
310847
547828
187779
131834
528394
110144
55288
361058
881809
628280
257344
412841
82258
202798
500235
452449
495638
335336
499200
938741
706720
94316
623808
783157
341623
592165
655882
215560
973732
628710
724190
189237
74965
331625
695331
278441
457589
796697
522938
332834
191350
540097
157633
845651
435792
624750
305784
217704
846457
105046
880461
337989
730402
103600
624722
521530
825960
309241
799461
506455
851220
212173
392029
561549
724460
12228
294905
793950
561648
78754
32103
835728
295574
620957
643727
628040
39222
844157
367210
570232
195452
623983
184798
643006
4468
563090
750849
275892
349519
11705
539598
636862
645205
214340
706574
277074
691168
730978
568357
143022
429463
594299
760472
141616
804073
494836
653892
508715
825678
745385
954354
78650
609790
221698
491709
780759
55562
791518
870472
883121
145603
839674
568617
205688
359933
937894
579377
525388
888238
55483
994787
493440
262577
536479
531219
113011
973686
671586
410834
981114
303555
134401
166019
572032
360707
721591
104487
292695
791745
617003
619161
315600
790364
110788
512278
966414
604289
391386
459555
911192
882498
680816
308966
958693
771433
258333
762358
734217
651393
555776
30286
170834
990041
265731
493222
690010
799467
748538
225689
95520
231875
339314
887975
531456
619057
241862
46966
745846
865393
597099
102863
975840
155437
161338
633126
460813
813325
986531
202464
92777
633073
723406
785902
558635
549624
223023
597667
670157
493877
796841
250654
979021
107822
301884
245953
892479
370072
212089
69739
209495
227501
940551
806624
232914
716550
17330
651963
356079
633347
324693
657161
995949
615098
103068
775461
518707
151315
899149
643633
154741
253509
965111
756400
203698
744049
752724
79161
47231
11844
805214
829678
397449
433177
862858
285212
37713
204728
964203
282240
739293
687189
905932
358203
693925
673435
104743
702032
711106
919384
559519
273804
61347
253173
902119
578333
592564
287520
277968
90647
803046
609625
77705
601342
578970
247586
396328
296613
641111
218171
975829
402934
171664
258514
542489
374007
624063
493330
480558
516476
190884
480957
279099
268673
818827
218659
328768
661967
23111
809018
398630
626077
814996
697101
731110
811789
174665
441430
486008
955520
444134
592138
645431
499408
954662
660523
972325
970987
84125
448379
783043
464567
741617
485638
124497
853270
897131
662860
883231
409856
827672
623189
528852
928865
1964
665085
813375
890389
46762
153288
32372
383268
922676
599456
43675
837215
274878
522149
705970
414573
71500
328612
687792
292332
724291
610411
231539
216627
126922
790667
24403
858111
712433
763626
368767
782432
820882
250570
325436
312377
967358
684721
137032
276883
404489
549714
614804
715793
171062
776691
623590
556297
284069
467147
787525
355329
206345
131935
983761
538735
147925
716436
23827
117989
562849
535121
2832
961486
541174
867451
658000
999756
295961
804588
372676
500767
954320
641379
178638
150139
805064
682843
800636
388914
748235
365090
261470
487652
543889
805157
314678
342767
490087
116122
24591
975652
947732
18568
435625
694454
777161
55765
563773
122611
235257
772501
449659
778539
716889
507733
134936
92980
984603
186536
836323
785140
262676
110177
938196
227948
202988
44181
430332
718834
709496
471902
415900
885025
917817
512217
729563
720913
158137
481744
442587
447170
848606
334283
445555
211883
407876
524361
112720
743943
718835
954461
219828
198698
493924
347100
783194
906652
933869
639611
4787
783375
500140
914386
370010
154900
486981
467225
741942
362990
266195
293515
516297
402505
166473
638787
780498
788814
157238
598868
634052
366210
147180
313031
902063
831765
846488
532306
591573
244903
670937
471668
77967
213252
921895
692574
794889
602884
169083
842671
67382
834486
816915
784089
589363
184263
20746
201755
990274
221731
211810
286647
79636
170102
338732
646930
12661
779681
773535
344029
397190
312015
299595
109687
601810
241819
818932
281823
114921
958875
468604
172240
604337
680112
628411
760856
235061
685379
117840
201038
838075
868971
164774
704393
404270
867970
276655
128013
561555
829762
749859
988707
740298
198542
71607
55808
291858
419874
119006
280925
745356
838731
410605
871576
733716
8451
626738
645142
622729
4430
635128
442175
674706
735298
503899
122284
833634
86497
915847
330472
831517
77934
668715
167878
794032
368402
730122
594500
681555
364400
998225
137754
617016
690398
293594
372466
457457
602268
49621
813379
938053
725782
183836
431124
697094
158213
595481
851477
52801
904479
645993
144546
143880
593285
874701
304723
877248
227886
624190
989296
250787
325805
35868
989929
706729
801220
131131
336699
539109
565177
198239
952277
761275
164753
235370
928369
656511
344565
70822
62931
65696
350262
461049
724484
238800
462355
602549
597952
5300
180256
574100
319013
900464
171455
979461
906603
659995
658783
950664
92591
32254
875677
446934
916741
306959
158280
203081
556362
927500
372640
219268
917927
222873
265261
180446
415167
830869
995004
323755
531390
440885
860120
633159
249538
601428
58276
751251
753972
753627
561348
18784
447854
191613
163887
155400
364095
852663
916491
388205
201035
563629
289534
701860
829376
923764
627974
355808
646419
873334
14965
702432
859802
301578
522618
681673
764016
250215
643473
607865
454773
648942
829792
30083
123648
394853
602048
413809
514599
459197
401197
591706
808526
887565
639231
147135
551680
792150
99685
952632
800342
203973
751166
376288
5204
467687
941414
566796
722574
85060
168325
224397
201531
784335
657002
789812
412984
582947
520756
574327
11642
580962
699625
296712
385279
513454
657617
240106
260164
58630
618769
523837
474745
98747
590621
214353
883535
910426
755331
840289
315752
594200
488100
949134
381406
466745
147758
964408
614251
145049
259377
147792
173681
431294
924522
192683
507464
357612
510516
443372
101787
873911
363176
88451
384617
66468
959180
511871
315960
280577
874579
875035
729658
975653
498613
256811
13556
51112
745979
931887
381572
118053
546790
480341
59581
182868
487390
500155
912553
77176
75063
915091
582141
491743
761140
203266
522432
832746
172333
654430
182853
983827
82613
715420
930554
747710
200684
519137
704743
22256
833224
116361
85330
921680
321844
681678
480259
546462
212009
25532
415505
627679
941955
903358
307564
923588
620844
86849
451765
783657
733355
463513
188613
117653
826527
137537
279493
692298
632002
112799
354300
661101
871295
21311
6212
923943
721623
284908
870752
257386
130179
56090
561196
402076
649754
491383
734117
615798
296865
548959
71242
646785
121659
438438
848230
299085
921299
698621
629721
609909
424805
544598
940471
980500
62564
592672
968752
68998
531899
446644
2157
262106
903896
776552
547641
390274
357553
539364
916396
710731
524683
539523
677662
80980
804197
442205
834915
879417
177378
148688
480168
853658
945590
665936
948701
703869
114868
68237
887229
24364
708454
902932
323339
763312
476020
705412
570134
375631
522960
497027
603266
666275
625156
5927
745587
283300
556655
385986
622752
712846
100924
890820
538295
518365
449374
753558
738822
656739
494313
962444
154672
668644
637311
928686
484019
981601
760443
269296
960340
745999
602336
494455
942888
194337
249305
109532
705923
737220
429322
408820
540263
81561
263046
914701
485643
967624
404432
355838
408232
425070
70235
903488
455526
277850
331438
386151
134660
638181
390107
968949
643072
109835
624862
858116
949225
824408
57738
562249
204528
351633
444959
101294
105449
369863
852072
345546
866091
423580
470575
384231
842871
213008
449887
408029
362103
233424
852528
502192
463148
205483
483232
136614
941261
683928
623070
984220
130214
79729
532308
548240
404731
53811
246448
783795
870526
683961
930593
923171
516750
302782
373406
198679
829610
392595
646789
654571
741455
861949
720756
94771
319875
836755
162410
135367
999831
316258
101754
49323
321500
296826
273290
491030
969702
129074
860683
773272
399869
502618
878915
538406
876608
106503
832364
879468
15836
892751
937781
908778
95607
103907
726299
162403
452859
460426
654610
500137
410405
631188
812584
139122
816723
601548
616267
944426
400106
845724
260527
396931
149979
94595
448787
306234
449238
22658
114748
299514
31278
703600
63700
854189
917154
795121
989011
834035
906468
160725
151898
16936
883659
544897
522463
514998
428000
679554
580028
510005
998742
793048
65521
771134
683686
189220
720950
548937
91338
668894
882437
810359
476897
323669
72002
246917
173893
391024
398706
854730
665350
554843
371514
585720
157151
365872
501098
699436
327701
263845
91295
488006
521377
288466
326761
999967
358138
341863
568402
125184
14318
299211
509784
43445
974316
627693
387711
879821
194247
989879
278166
54156
321473
707856
322969
355780
280473
863898
407350
229229
527703
352250
223585
523809
763040
557231
421490
313685
243250
323322
577929
377240
425023
909551
89940
397000
783061
39938
639596
934122
6652
493610
869098
115721
414385
597733
276252
637622
116515
76386
718258
834509
462032
822207
87462
917018
297486
759999
277541
592397
873290
940578
225860
61801
954488
168383
543399
351809
869078
891411
20161
256211
26750
255963
90075
441912
51990
385042
861126
658913
502813
498620
53028
351429
657473
148307
803689
911586
591718
856252
677587
332665
675935
756138
273076
706656
351275
12172
539270
503775
115366
381158
970689
56240
384500
377782
307177
826386
969615
714338
640511
248358
86173
581999
596151
425429
450246
418218
942451
355158
972731
935576
86947
776414
83997
319216
462471
774655
969453
615662
260806
254303
476927
492931
526533
37218
643284
487097
160161
519123
436136
770700
167965
818981
441013
526425
87627
540111
378491
509516
638175
855050
840738
860465
8382
497090
919108
42235
547718
409223
555245
770469
643555
417818
429142
495804
918987
736389
485075
956280
930149
81625
263756
458649
117760
927898
133917
574869
34974
179700
416827
151941
944737
835397
332546
978581
376278
948420
466623
575219
630563
706490
969901
484003
171548
572831
731573
101417
916316
234959
589443
71094
702102
298766
505527
255100
68352
718058
382
877229
941327
652328
152055
444098
355561
331999
535180
526003
108482
723868
432559
757558
21235
721852
695201
197956
481666
540081
23024
31365
160210
748312
763126
739772
927358
771943
843298
777246
484894
470213
273910
370160
783765
387666
4747
308263
973746
96119
6219
794950
234777
42838
408872
988089
276936
13223
717942
469649
794110
595138
519611
897160
879030
433432
892541
198265
89287
252954
935113
579487
757760
121715
60679
677038
631850
449427
782554
423194
271618
10018
27215
547081
586407
690348
729684
143994
233342
702047
84272
988088
661355
693409
316678
580178
416816
493407
291764
600736
694603
84325
972359
761756
408815
314494
775228
268485
689410
437580
687574
743682
249092
162408
643932
660175
230103
83021
463786
800204
415585
666710
651213
143078
241772
299919
281445
641864
157466
948289
210246
850667
456375
814421
386887
857822
557288
28432
706406
232266
809288
922074
55602
468298
394190
148506
337696
277214
884798
357326
63113
83990
433782
38194
18844
283947
246033
421463
798989
355527
517221
570832
293119
549795
154819
383261
384807
491777
759966
663900
862011
189389
178958
739822
132035
975356
545067
539650
274405
276411
774223
570560
325289
767633
515781
705093
304396
750028
587852
981659
892206
383389
889980
862206
413688
888187
428621
387753
827683
141005
529332
229576
744024
808225
75420
419245
105488
705531
834531
364037
305607
133491
410703
173353
117897
300443
740297
246386
314031
998838
756889
94998
241720
607923
822010
408345
12907
487216
256984
292642
677961
579155
751410
929004
761907
479610
512037
576038
212639
208782
71838
813451
879281
537584
369806
171583
356614
793401
9010
516567
46117
133583
285440
866215
810520
462849
375985
20206
984924
816062
215756
843055
57033
209780
675655
448814
344979
63967
505813
329179
629079
505143
43181
937347
506242
334614
587071
302016
187396
284990
517864
541837
35608
678468
579057
907418
422455
525232
717237
468295
349924
475129
534234
254588
87574
138574
689606
133896
958752
72394
560660
364456
762720
789092
366724
809296
740474
446341
588638
913331
816489
86204
438417
708916
893503
33929
434760
907480
433753
644393
410458
75229
864874
582872
402334
112712
810963
901480
57708
726216
643103
884885
556485
910077
482420
826794
716672
715732
300103
423581
565703
662621
237049
136981
74931
419528
364006
458191
209611
117028
384304
967905
656041
918151
82213
966237
984461
140218
870040
923078
950469
634227
383418
421184
664058
52803
174784
97381
277765
996721
609299
822338
582869
876627
78104
650758
37574
641561
680808
249120
510723
62762
88011
315344
510483
338778
16543
454783
924673
916077
687890
50546
125196
652580
961920
413880
391010
758007
642934
627125
100788
692266
523188
549124
177000
377210
264585
842755
418214
241605
973261
839464
192962
425091
694495
646700
698084
583246
500199
862564
817450
426941
840240
821564
183526
298540
967791
951542
502724
932444
284605
430443
937365
218384
298740
731375
316518
995522
627284
490878
568055
255000
887454
373314
820472
649549
239432
800606
569918
902453
60178
245896
793962
804341
159986
272350
361548
844241
830777
646122
912645
69136
772721
100876
949688
722007
482746
19291
513349
631196
659376
531630
677994
39051
151181
50246
795320
821297
142497
209510
570358
330024
929786
147213
290505
340382
827924
494511
649014
76474
674945
360463
316308
129379
759899
427647
388556
478661
753926
386513
123979
80094
495045
660204
714078
952553
369093
727464
381638
95995
836827
9526
972242
813579
821115
457273
921785
484753
3695
441955
487074
844049
172146
586491
250068
687773
204443
308212
827813
55091
667271
87682
853425
163941
341549
188079
954710
74547
126114
744681
582922
99992
154074
214532
28312
133275
425510
859406
483114
318876
612988
378618
323262
546655
477418
677634
311598
971626
318813
940873
919659
956338
376181
969304
29963
525615
136797
963792
318919
342928
672484
483349
888302
97312
292618
492431
472178
609723
136799
231197
418224
656026
31594
341627
135486
94789
355439
517807
144272
687399
551099
905035
363293
856069
327219
684691
349853
871423
897390
521322
351833
722148
411587
173750
970647
811129
78733
214309
400132
866327
555249
934466
323901
660124
788353
813994
556864
765946
519066
543553
111349
817468
949945
685063
140176
889590
53673
491880
881850
993762
898547
971266
525120
263017
551186
74915
746128
429699
867069
111256
398246
705406
158006
898102
612369
35599
925436
950458
568772
304945
721776
208643
413273
628314
248817
519639
967532
417912
999741
337528
16323
633976
346282
989914
467772
727182
486622
696877
954829
247906
871708
545982
10581
772423
727966
322395
345004
758833
863716
613072
595996
5827
584805
776587
552042
459773
347847
981056
969519
66037
621503
928050
518930
584013
24900
380285
767117
27055
925190
565770
506064
732488
706446
680423
86590
173165
606394
101202
22432
659242
386506
489453
96638
896103
66074
454275
486819
407906
513815
428844
683739
65996
117345
983484
151980
400422
679194
149481
201574
41396
464866
334602
326641
237918
11254
384885
575528
896376
433387
251084
660947
549642
856215
327530
152135
963553
210240
658511
843738
789016
849410
543457
876982
619363
559508
318832
502454
329759
641000
468265
945535
144700
485569
972429
445295
189767
533894
17965
189274
280465
137584
881429
469098
206260
410609
451803
603219
192654
674160
826418
853723
376358
309456
644186
628295
128133
759514
620004
320545
327422
23730
487260
816114
781284
91927
539266
763637
359642
153468
579718
678712
977960
943655
332470
825986
909862
191860
383677
141682
706264
554281
704269
984423
717977
842388
905558
793915
353340
341321
428054
445705
360763
585150
239250
714022
139012
464494
722745
631681
43549
930557
243773
23620
703227
997431
942394
878484
869090
454735
663950
387548
996763
155598
142905
279642
966814
454548
509687
885976
305067
854330
278763
333121
302619
772460
363217
503752
406119
439901
847705
812732
376572
434714
466363
377860
555673
692232
986898
777307
819556
311438
464311
641529
727702
843037
75819
460696
83231
733725
560979
796
568132
943857
319638
803333
664863
77324
111075
73242
673923
905619
332011
543430
607662
326003
668955
971402
58448
19158
369740
660198
558808
181383
527566
339559
461871
252026
242636
753055
969281
710329
603344
225696
659331
260875
309722
425436
308783
879061
767088
343334
106063
580185
987066
412233
130605
538540
65804
414484
806439
861293
28555
167568
979247
394515
28403
611970
693674
120545
809790
720887
705676
295580
622524
4139
272774
198152
602009
883822
971674
292189
561211
369827
423843
835325
135378
433087
935042
399815
888323
914642
318728
518352
688161
791185
459903
642660
678139
745490
468180
983367
470792
845825
335223
508787
290276
173050
364424
249649
884221
401849
700417
924517
261838
351231
217878
575814
262016
237019
878256
298751
413685
722436
692490
469097
14357
901393
89259
467441
192705
756685
821682
307423
368840
810615
516099
992022
877876
406162
590646
263753
213778
912738
258011
705391
812968
777892
466012
586632
113729
992035
91746
153478
463530
361448
574142
784645
946312
795605
739193
429409
771309
97784
189762
283400
313261
63961
902113
337429
152136
610949
870322
783485
162992
66135
768325
418562
425354
37128
738879
386417
539855
576609
321000
195746
53471
412356
733720
631800
204892
576389
131532
442570
121663
565067
984910
486668
151195
511631
362992
543404
520337
639193
748396
582553
241522
379051
445080
273875
741526
906104
449874
418490
767880
550570
990993
264470
759221
500854
236968
559401
160030
746320
348459
348995
401145
951942
799515
822527
841146
216238
831143
910928
533666
441338
38254
110439
766195
994792
833188
469709
792256
811602
442509
320790
87955
125960
310040
14719
518965
344378
475791
150502
68867
328015
838825
25448
913790
809863
453272
96835
887434
297587
308601
484874
833470
862492
440556
35858
351977
110810
67715
735663
893472
320208
750434
73222
570184
414599
177340
714178
843592
214701
984340
820700
938724
670163
446682
323471
7083
895698
299404
776146
299006
285896
710500
742506
255801
757205
988957
505992
706560
614784
273569
680430
776740
976081
444107
758530
473585
959328
862996
857281
972681
440470
67816
306326
225728
8292
447461
143936
372630
401884
18297
948138
566563
371497
924864
950408
190188
244558
754437
815927
450602
434720
813673
494125
770687
150380
761479
554817
638324
644014
640578
857268
375027
330108
451353
206993
329485
728575
407474
950752
854982
210664
727162
471212
611518
122462
821726
318873
190790
159090
386567
9108
281920
917959
654710
440999
991860
362495
463184
589565
952633
496616
913983
42810
54886
156439
594548
939419
70340
548931
504259
95420
525124
574674
537169
959136
359352
262390
165232
825884
660344
774201
539479
210474
718188
44696
903315
842655
142285
714143
831077
173395
520460
25291
166034
970371
37890
561089
42140
410471
587938
233034
550128
655729
947365
625841
311862
822600
963018
337302
487584
702107
626878
790791
364127
764438
415208
408880
336835
472138
155797
728607
856204
786613
963757
77434
744380
884315
120913
665865
72138
518552
935923
344243
79237
541186
888024
304079
79654
910861
863655
221042
561310
541882
851237
285104
763140
171706
571689
400102
498327
932347
477878
190755
640356
978161
712527
136929
889465
56545
20560
539527
390329
330070
679803
322822
375001
999926
166189
352892
215186
67293
710676
449962
448991
556081
162678
310831
469939
494942
779822
357546
448673
935446
222267
975200
69038
473764
626239
535764
187349
619735
506899
515160
511098
854805
783017
348378
620034
788061
248674
541330
916100
391584
628307
790833
455557
612351
275937
615428
111345
136554
124571
321324
120389
455670
776364
188058
995260
965308
206151
321118
204934
36029
890661
107048
874854
996959
192261
599792
899585
907769
699188
346558
288990
764367
957137
157426
557278
393897
666781
567608
224648
667218
168653
990285
127683
409301
121340
998344
144912
309545
851894
211913
322211
250187
14984
933130
284870
775588
881980
797616
181171
579324
892278
367712
92698
889342
713605
954056
17755
438477
856533
856486
309102
202491
313609
307060
774455
3371
617376
817095
560049
615903
903022
452761
979335
176467
606411
956274
730722
215940
647820
885544
634119
454440
189451
428942
860374
421889
950897
171612
903767
14752
708735
619199
966358
345317
285918
312498
177064
384808
993881
268819
307234
829156
37277
560355
808356
922806
862739
660850
397222
820742
394303
354063
851669
794970
559888
181279
141070
250089
114729
304210
46533
754786
937096
485461
877752
283606
169852
112266
898262
811750
489376
394068
861493
357007
682327
788498
620530
179736
463503
19133
902036
381085
318849
410199
969504
998467
390995
859451
696482
282880
591632
279500
837587
951168
953204
983414
922686
216960
598618
10855
650140
174605
859486
256859
20100
297645
255637
868368
859341
293323
490052
851473
982069
105159
838165
381014
45813
339054
204665
60192
434529
276827
12320
493017
801793
887572
980729
75153
896468
352586
240546
684658
36280
22083
421178
669358
526701
656562
287576
110272
134184
747128
355884
46686
922316
661141
131257
767992
211050
861752
165000
280203
695714
454268
973487
812152
445701
181097
78577
953270
585857
429175
230779
564678
309921
157957
583452
823869
606861
771320
356118
854784
321452
432304
137124
349987
255695
13434
256271
564469
459238
110817
300683
387200
592932
953313
408146
904691
608470
133156
213894
752978
797580
916789
265207
943878
909209
567678
65888
41186
84914
143318
186314
106708
701004
236856
113829
290948
201435
317690
555822
424953
824448
711228
258783
420261
934081
727117
862754
999996
664556
624343
208070
440669
52470
852217
689818
34800
102331
981120
228976
630886
503661
304524
19203
334110
248381
50191
853722
655742
353300
6001
950482
520892
724881
966630
795984
393680
249800
297799
200914
317241
897036
878127
768160
815953
545849
981619
616986
37442
768174
335707
446129
973463
669292
160066
267653
785303
598009
152724
725947
439035
252279
784765
272285
618914
809523
809685
525256
624859
77876
549920
139369
328989
7167
385774
921597
584177
232496
467315
896405
297970
926672
395191
96281
951135
119445
108495
131320
686383
186501
685539
425210
343000
424704
196297
344427
773122
776558
398285
113061
230927
829692
197087
410556
184642
784295
951487
171161
457478
931945
226207
157287
11482
4736
526456
384537
930271
821237
65564
364823
743554
115297
325960
931868
223350
835081
611971
430790
668337
42303
218196
727595
34390
714316
435190
331751
209448
118315
875779
315975
124713
67434
975915
578133
161991
27210
764699
107937
262591
818486
389952
871442
453676
761010
831641
363420
633675
586087
55188
386631
778762
283706
142258
684426
905873
603142
114334
549949
213967
415284
592962
330913
88339
239409
190968
90666
697744
488553
17316
126716
158621
572033
529987
893521
549264
217065
435884
783931
157233
577097
259179
813834
441978
823355
185208
578237
475924
988556
702023
966516
522889
487017
286050
524547
813098
360792
17947
323559
486614
695896
645358
946911
308252
16276
227707
145517
652223
494095
479253
121287
951324
95657
645478
574581
874021
137812
845171
570329
413495
402603
247927
554161
503651
884024
15117
555777
92444
838489
807065
188827
373989
429959
118572
241105
901084
426733
201276
303579
887391
616552
845069
591754
963431
448745
317395
765466
250051
11883
661637
73148
801893
219798
75777
108665
177879
580471
726828
951462
60831
326697
625586
551094
93128
872344
593387
308417
733836
153590
761008
599812
255703
301118
382728
540760
902554
275696
165917
388748
262115
966338
155756
911776
738264
570016
784654
406935
906490
166544
107871
36482
457702
570170
767977
626437
414312
194352
917159
509913
191933
587873
677993
301097
498822
431817
645498
577233
665471
499739
724091
261027
498207
419996
790847
30533
197008
616303
661880
581600
657756
873832
543990
798062
991690
758064
751975
478057
190953
287825
29664
988561
365593
517919
303595
222172
899636
819988
821080
522809
271425
6632
963725
740937
707187
437562
853482
716898
734589
512011
598338
767587
91780
570235
241321
756030
262585
950272
726395
35779
855928
248726
830126
913401
579527
635840
187591
930895
446233
220603
697925
257934
382824
755155
896049
799906
613383
357725
52643
727852
595225
323885
407866
741046
760711
399617
342350
739332
474446
306745
508510
495836
790896
354401
765686
812083
577933
241816
184724
788289
830447
513063
206834
650366
13758
360907
551312
615171
6876
636658
311946
650547
435986
606422
472713
953000
762867
430097
359546
977922
956123
840769
851802
35275
928863
724345
527741
298948
673761
720153
720483
474747
554071
411831
823912
927202
928915
550371
54542
8564
685638
630304
205186
930123
92969
851400
432732
6073
306185
500139
296966
533814
967707
159545
960978
830365
278488
669011
607055
583422
566901
449436
435114
242251
520357
233245
479950
181145
470550
652499
16438
887049
907876
483951
301891
396038
216968
635473
102124
284623
409343
856756
300009
147871
110313
234505
574151
461835
419224
862562
366788
918746
227453
166753
546032
730815
451253
472764
460246
349670
302276
735578
989184
827994
867854
47182
774305
100635
7159
673940
680236
607325
484865
484249
464974
53742
307
712259
437964
909834
409358
256084
979273
523368
279176
12313
877794
869858
160960
162053
732704
645602
896667
118815
710218
277889
203035
965471
894651
470506
4114
991442
332694
222998
44151
123854
561473
637978
94667
771078
140539
567332
501471
513154
809486
177192
201733
566296
904274
649201
680611
431048
426692
860078
638748
454755
830390
135877
830885
155755
959237
883649
615421
878492
481693
65978
595817
528353
437895
926852
183885
92637
136186
914256
602574
734506
513153
32234
572591
58250
75780
807902
244135
435856
854024
904304
602681
813910
138117
476511
774155
242513
290252
447368
458817
90261
701374
116262
417939
211854
586605
756880
165848
967988
621907
553872
704646
628374
471732
37927
748918
907211
898261
614708
474573
301310
833813
239510
8113
876497
733088
700360
921122
263869
575259
217298
720943
21960
716678
515067
594342
900552
466109
301705
970943
675422
268505
77072
349745
850018
100375
472583
225021
753084
968196
695706
949152
272217
845477
700319
404217
661159
846360
608020
273396
641761
453423
522967
29704
148007
148853
670003
171456
40041
496685
870061
182577
779792
302200
466502
234559
686029
38818
495142
548751
33931
966863
531186
90269
846083
194559
564086
708029
477622
317907
601500
91346
316877
464418
919067
610533
345529
72874
504827
906721
930605
525814
467135
737956
525359
981034
898745
610374
633574
246261
663307
60229
960522
681850
185468
972008
75017
830054
615158
507363
330711
960101
73368
973374
48897
57126
469073
384127
614001
184123
846739
422554
920660
264509
960985
930974
123708
59310
356699
870133
458263
266677
930377
949991
865491
195772
820204
66657
721562
486672
633906
489508
376073
610246
280790
235339
387766
851704
984246
178032
957713
368348
737476
951171
890829
589948
411653
261830
176172
311381
690637
815827
372801
810929
773401
654641
296587
562736
568002
740122
112945
48764
800238
643939
552638
949038
555351
594898
315875
530595
562405
948696
667201
49584
515330
686049
419840
543115
353507
170741
694063
73449
704893
487434
241848
212690
515137
629677
722629
638435
629403
131053
486412
412799
721880
569430
499705
479966
387021
866847
643976
536987
62663
141545
548042
548620
448174
761395
875499
183624
318505
473307
831588
74758
381060
356417
961218
910822
100580
571656
997078
641944
179163
628401
761875
962476
580586
349567
284806
214970
260773
460568
196401
270987
991924
339355
299817
236008
749919
765605
997219
74462
130034
102309
640884
851909
135820
708346
29462
252514
800820
659645
773012
364390
168538
549062
705435
828314
661862
149499
802038
265639
617410
273140
510333
744032
510262
239985
621641
337353
11198
757120
657419
738010
598816
656368
393616
810137
23038
381361
356159
240235
966758
271212
81673
549734
333089
192043
181321
118965
37690
433147
94290
422960
50733
297419
533799
767901
158762
210677
745145
335992
997535
152529
848183
160014
799000
328233
524190
924436
819640
196531
913759
114671
726464
559712
377386
72838
574356
943312
38126
611910
394587
51197
232095
985387
585878
206244
750949
647896
76919
321298
499367
434623
682859
699027
925014
81371
469897
148603
615687
24410
237633
869842
682895
281448
46812
796470
557327
580344
410539
773093
810378
286603
456695
332903
544679
909699
210744
531158
683880
727472
606605
214989
582359
172465
289394
248869
305917
284710
971062
65048
991643
98104
50131
262466
378212
157606
604279
860202
42503
212379
507902
206840
250074
642434
671216
740137
71611
139693
807003
6196
125134
457127
360171
551460
77879
552140
308558
269653
172892
769790
52877
49041
334113
312732
993246
843561
360771
700750
684859
830898
738841
886533
185534
469712
868289
307636
967158
815
952630
245259
137237
124537
163860
225399
159101
169257
679182
661993
109063
250285
814013
469790
318852
277793
352835
676688
755350
884295
199942
288714
629612
466278
454021
674084
984907
76902
833781
313601
954628
805550
120513
244053
89438
380113
929074
243070
375257
441308
33376
295784
420326
638798
565315
585891
279279
412390
955581
691510
704652
900808
38771
737352
217942
86665
938139
370378
402382
881937
578719
327863
956907
390138
395799
691218
509199
899485
82815
95071
955487
882717
853719
282200
280526
305338
361893
523679
789201
770008
110363
428767
302002
223454
910208
850849
107828
516283
595416
713977
612206
659433
380504
894636
67880
49654
442984
195436
108659
358963
771083
308231
543388
593455
695717
737735
843115
606762
752261
135078
405503
616561
386057
313330
586158
344455
14146
587042
683150
760778
277015
938540
73413
286589
365311
932732
262816
771199
290858
185086
762842
599908
162378
563467
584346
455486
66283
890404
965240
371201
9338
140989
135192
434754
750671
954331
692609
234676
925546
689142
672268
303529
85882
225550
699505
185844
815778
810019
874554
261683
107367
628121
216793
289430
16084
226261
234573
321674
636017
830627
264318
85277
386961
77710
830504
680276
613593
346236
322251
237915
846300
564560
409242
421109
300057
34083
924314
914066
490672
672934
119095
53542
761694
80925
796062
596363
1320
576401
218790
68662
151314
695369
438384
109710
748655
138161
651286
56268
34379
168400
82092
83883
244351
844334
623321
280809
228809
11386
610596
185781
445735
588775
602548
847252
874401
703239
872633
991508
559322
652312
262852
250007
755464
728703
198863
223239
838549
491029
188921
166734
720425
463730
872970
292388
51080
393715
164209
364821
61957
571268
471261
800440
682334
976260
884773
10973
887129
820711
224055
243395
838421
731744
715838
203530
149096
726815
642894
59716
893126
151409
433358
726615
94465
434805
330035
813534
911485
959011
719568
993859
613866
628474
575872
9303
111691
949585
884383
330198
719489
533608
663009
821296
304696
603094
982154
38679
25180
491065
192325
98464
13423
712848
683977
900581
251066
732986
744111
924733
365291
290449
759128
699689
849024
151504
191957
239070
659898
588309
203943
411213
765520
981607
154531
860723
489095
268676
718158
632633
157545
66373
72986
610294
236576
27849
398760
129623
559446
386091
194756
847901
817262
112871
864255
579006
376185
941792
43785
591322
121549
968258
250271
837832
317366
542771
709028
563197
232172
792713
272484
297741
363564
301191
21727
547515
298559
929452
383209
580279
525162
125971
825530
889608
178652
235546
308303
452733
108712
485370
521328
861200
974425
53804
500703
391675
377753
834297
98377
949053
650865
820554
379756
399147
191009
424138
475403
223085
266885
942310
483821
243350
340517
403555
416999
608282
124301
420614
256415
848401
443193
69084
877153
555547
525115
450706
285983
704220
751464
911027
727610
667572
26334
189995
484211
998351
257392
649657
82487
916482
735426
981606
309621
437870
592097
277533
238140
571303
340219
748466
524388
467566
849251
118766
715135
786880
31389
329334
31173
30759
353692
881835
334631
246445
874431
165123
358141
556649
223683
917092
524368
51941
496997
614139
840486
486504
313242
781090
909368
638474
836277
456600
774580
811974
295416
290404
903665
649667
910357
139409
182400
40827
561830
953722
371290
940011
725664
931745
449753
85966
464615
503779
466499
993795
624099
188729
870032
993028
825000
614499
710955
417073
61290
436569
792626
488017
939041
167205
833983
380331
823828
692001
896854
514888
921671
871762
380444
254916
875319
912911
476519
408497
923667
83470
723107
104551
669544
808834
51287
679725
506790
172165
217062
779495
932460
842360
970967
262150
287731
306253
605138
880193
477186
482281
170749
341283
193844
531154
692296
81967
189982
88542
409836
117537
207754
118406
469196
926028
884645
748360
725874
708513
494195
615330
183958
718154
714976
528899
686039
142518
92899
516995
287190
172641
535829
400210
160879
218054
202239
257074
987945
982654
100079
587776
505889
698628
434280
783247
943934
118445
83672
78890
41182
687033
482458
165485
104171
157170
155757
216771
925431
688243
806100
910807
117634
572528
636884
175454
62246
712574
508283
516151
322946
101772
817912
598859
587943
61118
204673
566419
481833
339111
849895
28490
852562
535521
146208
109772
217716
749299
914129
314287
84095
314309
123747
778907
225051
118940
123882
804086
41808
982416
878949
603704
823815
276133
933445
434096
373004
697103
268153
611292
114673
444633
459020
505334
22168
548802
799673
580953
854556
626936
187261
784784
315484
539176
155599
39795
925797
750976
235746
911327
510260
775092
926567
314649
118443
193982
194512
444945
974558
139552
402478
243828
533476
854000
2447
581855
11715
35132
670714
862515
446965
41377
403374
274145
613885
613569
983436
535661
721613
352067
595639
167211
745807
57024
726434
693435
546159
609555
484861
42753
885865
493704
100927
151070
6936
851119
953023
455690
692661
729251
842078
457464
840413
522422
871224
177825
913394
137332
510961
314141
837829
482072
881404
155863
125583
37806
355117
692140
291510
282344
670534
798410
519065
414925
60997
253657
519117
534420
674785
370529
415286
948943
943173
4027
805893
210117
804535
860626
415638
414899
742748
236380
229275
388495
287038
262158
44847
579445
485247
226067
132652
12038
100191
760356
672675
248295
4000
132646
25045
873289
26033
793985
992614
627948
347664
839511
697422
248449
826387
462712
138098
596390
330494
607754
306825
315236
512489
31671
761523
800870
73547
417883
504713
484065
537117
873211
897147
578893
239229
906591
163193
942186
354806
586863
863047
957437
609600
140420
386167
20105
498749
959217
19980
964421
947775
833818
901827
355294
30265
159325
958952
949125
763963
819279
672118
534463
269012
946478
310955
703902
186089
880957
588408
65299
899508
972999
813766
781264
960204
200156
289061
260132
183603
463892
730174
476253
78972
501823
531490
762549
298896
160086
570599
461812
243485
201177
384507
690601
473973
399045
676684
976109
614412
750297
621758
356811
418840
584621
446615
28794
939936
195044
119632
829328
602565
837331
689442
620827
542980
167955
224811
615245
986762
610994
233448
266769
315658
88294
282457
531350
581104
736372
167443
31914
495891
636838
562026
783824
254514
117461
40591
170807
781542
407739
451717
410329
354923
927851
951408
124705
26936
773772
499398
952194
957763
207600
946378
551309
145645
62514
279256
425431
636264
992193
579725
95539
368993
148805
57086
927642
570385
924460
575113
203365
951986
484670
534803
616044
749594
984710
444137
827326
550061
279914
803806
67098
485118
338379
1703
968744
402039
330602
7237
890860
476515
316655
820557
158935
702733
815736
501911
984748
212999
683267
944949
533316
261218
886635
926125
267198
408079
955997
83305
307404
682290
591249
762461
105300
614779
843015
285381
220126
71565
114402
572366
650046
707403
905480
358034
827451
4627
664139
31639
675468
905504
315968
169267
199501
148414
597594
786345
385162
604204
818662
729435
236800
817931
929329
830227
417879
19751
917509
295264
311723
44199
617461
287269
320476
233269
354656
393923
223917
713498
165713
809308
243289
344140
475309
434807
708712
966432
324856
587123
362823
736095
784837
254712
886467
657222
25737
646865
736597
767383
877365
182564
170236
588021
304850
456346
839727
620444
122478
946945
279699
890688
680131
918138
275047
803680
302353
24326
660155
402529
594256
773994
938980
476533
698384
357877
418767
175875
631220
982195
240200
75015
484212
962618
66620
155522
652263
764600
532313
521610
915888
802615
551607
747475
254677
240947
881034
484205
441215
995037
717181
695765
5971
555706
32363
396790
483742
216129
726112
191561
611456
653780
984196
936564
77395
458831
733422
440676
104968
643534
324513
413254
221696
216857
941005
401867
875136
674079
432396
817205
891938
547088
522579
17634
974450
85236
24325
857060
649398
85942
241091
288753
669613
136195
928944
14658
352237
622828
20985
780335
214233
760190
966561
398624
553405
702295
624271
696832
792907
59725
3009
182844
490031
804622
976044
324253
124442
666811
287450
824112
508312
27286
554703
854531
697310
3888
249511
650368
793123
662932
497903
732746
997747
578613
300905
545199
347946
815353
181520
602754
330784
430563
674951
243094
583984
42346
551821
869878
603841
533708
522134
477004
817742
103894
648285
40790
437968
980019
278059
948336
203361
418118
426326
183982
693539
651834
694630
778398
560277
288247
323841
962920
11481
41037
437777
639365
509363
346010
247686
27748
35908
778772
41606
137708
523211
539209
525101
737078
199928
544103
549881
491408
103199
981516
876200
562654
69067
352468
453769
657558
87830
187195
941274
912297
64376
167140
478342
613673
10890
397679
527207
477306
237458
573588
741141
836239
727759
801479
934832
231431
479799
484446
627607
320054
567914
231068
630230
561622
354743
25642
520212
796090
414174
209037
639508
225045
247460
720270
798643
575987
813597
424823
708697
958901
767886
733231
103311
712658
668074
328560
349075
621419
468393
775607
91644
226018
949157
87136
811118
889910
807873
956073
704898
58787
743415
307559
937250
228852
297234
986641
214392
304483
5954
762163
597485
934620
233145
262146
823784
283056
856034
664993
735175
83011
45246
18419
463811
111329
45704
251596
930583
489059
156746
4216
600583
680610
618378
133609
148073
438123
13082
178356
444844
821529
768204
491705
216241
785465
151343
632054
209430
759043
82615
810919
978468
763851
786397
723790
436177
81041
584282
351155
4956
62757
327290
614117
300165
717888
666736
879871
461806
980702
283136
339673
334319
904808
206097
123020
269918
572772
869626
661991
448619
692210
755251
309407
780820
235074
54084
420645
400374
709325
627213
83526
449299
206676
842141
721984
912639
75674
49544
823796
32527
12279
646560
646064
194192
520714
23437
904277
733572
40958
516657
257660
894580
257018
577074
403230
674628
949236
212068
443215
51756
517478
451178
795222
106326
931586
909823
349644
198259
368468
735267
663348
206350
444111
229841
679159
636866
253972
553110
307863
348043
531385
134171
349055
468380
146424
995412
687401
797886
955521
132704
575489
362886
110861
812751
347557
239351
2469
772339
299121
317654
997115
399561
307167
74008
620227
863995
559830
903166
737937
578426
653282
759690
174882
373850
547885
385928
626519
352372
521803
585008
768721
931788
590312
206025
104122
834499
747916
980806
3335
619656
289466
74977
637946
368725
787736
128595
492503
430409
526527
286099
574064
753072
488829
438596
962137
492347
76178
198343
657993
121796
349251
952493
447718
651682
874258
658430
421100
745334
597494
185314
921125
256003
718386
684043
120356
536870
76821
54596
139198
292331
673214
893298
715222
103878
122277
506417
102392
671244
525969
20769
248842
750398
169110
546023
562461
838376
366267
103100
845862
415592
354208
958773
850292
855762
255619
97208
161052
399417
485249
586791
80113
853269
136945
103653
900378
706954
935785
541894
509658
124849
533797
551530
294287
301406
333018
837879
896439
47368
524849
637981
582079
409809
232094
843845
760739
483096
122356
103150
104477
947333
273817
784982
231734
442252
552825
372882
971435
463521
715594
518498
929649
515344
583320
701721
531436
477700
435155
202164
50752
938398
809223
910882
780682
202398
929952
384744
108242
937736
804052
578018
164300
479033
676819
778108
118177
496729
444552
144817
387158
348334
188858
825152
871644
529684
819450
873938
569044
294415
726141
898980
404376
286720
30051
825588
888749
991141
988035
221599
699481
514399
207200
622857
18190
331717
510616
811074
260496
54350
645874
726128
681336
705335
94247
721238
134664
142883
510567
769134
536321
684846
967325
699488
141913
90818
500990
622215
494259
667546
491764
17713
277483
530586
657984
96443
486293
299312
667657
231657
463674
645548
754262
809038
407813
108786
536793
110856
426104
166949
87635
755166
245716
438330
140541
207447
524059
492096
353559
829311
701982
41850
951642
402788
791595
701228
814003
269007
393346
988341
304867
115010
341507
940308
273058
642275
195931
242204
135061
673266
159672
569775
859997
178668
708498
44458
926295
201783
995101
438760
579781
864549
829880
598096
912752
512892
405735
780479
902045
87007
337107
338257
566747
881305
639258
92592
876248
287114
423477
102482
589941
426596
381651
334974
519513
519565
745655
32402
227962
784065
563397
44542
707635
537322
821121
999533
355314
886021
988423
849181
97502
958472
151515
975918
431135
303541
790497
994505
509654
270205
442264
182204
600450
983093
638766
467297
586848
302477
920467
28768
194200
380556
369099
890054
724548
488839
379
219801
219868
728780
164801
476763
286396
189570
246462
998008
41164
821771
320116
912007
684036
272312
709162
777626
502363
541912
900639
184422
430904
406853
921832
997683
901685
423803
98984
642834
561754
526484
257954
521662
690889
549950
213799
616133
583270
306391
524933
899335
985932
185666
548149
844445
923460
802789
644031
67109
75013
357905
502832
929844
431699
636845
856005
399699
998381
855290
346002
214027
174378
687451
300973
983804
381094
586374
733681
119610
289536
657753
14293
800351
911426
560760
114778
504100
775408
320880
419074
465203
144350
145612
708994
917059
835240
271745
211170
267780
466384
591173
37923
82185
288546
706076
321840
519205
454152
449552
479152
62313
925269
299098
934508
236788
795717
872834
803276
646399
402731
826358
101850
975292
845249
474368
728721
704129
158971
968211
178619
792297
33820
632609
983647
164434
871176
422084
510518
798730
999666
54818
369237
976690
359663
722810
216932
633104
404326
247449
735942
123093
738286
545838
195381
824252
165683
845956
860537
955916
303733
987916
693762
131992
683385
58367
956095
890520
983347
637974
888487
878333
300087
85063
279819
574476
475806
674045
809263
485664
138342
722274
720203
347692
487755
31238
638210
900097
334097
871486
739993
261707
866340
406900
105680
333739
44546
230025
888406
399725
217357
16724
243118
717082
461034
600646
950445
750767
370799
816817
683262
722671
727892
152638
70662
790035
882153
312737
15439
959178
203923
738641
314818
213987
27555
143604
99241
96354
493487
265948
439520
357115
519893
948554
236988
831773
219631
600549
704640
651841
669121
646922
520825
799627
802646
946781
600886
951262
884676
793076
660094
633953
501659
959378
266822
84074
655326
375697
603424
548136
9603
660013
970873
381335
945606
986342
512736
112336
963588
644737
703418
226731
599508
980116
884019
848742
560217
962360
227209
777258
30498
557966
534768
134766
560466
281962
293855
422035
957727
575421
356879
856262
811023
80603
557325
340105
646541
758571
42853
457587
528912
872669
330943
720318
893393
229898
784067
333818
551658
409312
245876
625336
864933
999018
460678
897326
466761
793112
120625
881369
756551
910621
411610
944947
738900
523120
784779
236546
134716
998374
887348
294950
449613
752064
434410
498073
458789
72524
85973
472146
45303
500984
570263
996388
798093
618002
401071
942568
127039
23817
55006
408329
38825
783385
499331
306964
836868
977232
784996
504865
123356
612914
7131
373725
259396
592912
773290
376786
678351
882041
976317
359046
555016
672283
691443
387194
190904
844783
872258
935874
387120
2460
666559
171096
349197
729532
359206
939552
315168
672179
163884
954108
597609
331761
970989
418372
180955
623522
69066
121405
401389
674842
863696
725346
326794
841159
166964
575239
509618
960237
535443
846054
601175
905001
43857
639474
109759
989660
580963
996990
364311
236000
835987
857845
83304
761723
714681
352543
548770
717524
335751
948659
621676
123606
42742
36785
819799
262582
225076
407836
51192
883818
286070
477698
521901
979367
552422
675713
328337
187791
751202
791986
871129
560937
865182
38058
575197
627541
515449
286874
332173
270055
339107
981924
179207
76446
508849
620502
710052
636919
565777
908118
366631
211327
551213
335690
417255
470865
817350
824628
596903
171016
192527
507023
417940
268743
343293
279240
963584
940528
672821
487761
279537
712468
786906
893476
19555
675482
617861
640189
35118
256049
982522
616738
439512
210436
890718
889863
864398
724872
657512
299922
653855
161993
635913
123510
124842
265245
863406
415224
774786
746837
965384
526869
591971
524032
61699
261066
238453
684236
335860
31442
506055
302461
738230
725135
652016
769642
311817
622628
369070
455469
685613
807330
966143
67968
309548
137086
616257
738830
154782
459180
712202
873856
679193
909011
11750
307092
936854
278194
759735
632484
837359
894906
8071
19358
659304
200202
953874
153861
624416
674327
615257
69603
887307
963708
915133
555870
903302
831979
683751
287664
670330
960038
823579
732486
297681
560494
859546
623185
56273
926964
610435
863591
908548
825974
850391
849613
718084
800253
461791
434661
883176
646393
354687
51455
463058
161106
2619
45327
729962
772624
802131
24105
347815
978128
667789
801515
720583
886420
717295
722153
252261
297844
122425
528578
505319
861883
761835
200212
716543
615761
199249
414029
718697
663769
807876
294699
284122
620777
703669
829491
926005
937702
328102
433572
505367
883037
453504
791719
543234
501483
622981
787524
326931
581796
568
182910
186440
611589
48726
835093
909744
881960
378370
229677
355668
927527
318217
684993
487610
612664
548753
134122
717905
354461
733758
688440
21202
887774
523507
590421
282775
477408
620094
657888
659425
627941
123664
181246
412239
249176
463647
330590
457652
96172
741265
941123
177756
901566
350391
878666
718889
8742
394995
739756
642545
91886
64394
512080
998453
50278
248626
146269
917349
656794
282642
298894
596706
170825
85263
181307
333436
231818
404172
289588
509821
394514
720593
473933
319529
564510
229656
650879
406248
956044
928397
440554
645861
270341
233260
856814
398146
994060
997801
372177
418958
636697
871470
814837
227945
896922
745520
832183
728879
842806
737878
665056
80978
183733
29938
348222
477617
461755
920816
751770
842746
496237
288351
350468
380251
634867
924204
849211
134659
833510
616027
801332
808607
728293
948577
65331
152589
131655
1944
732542
407225
730804
773608
676796
434057
559460
694870
478604
24309
953019
916016
801837
500877
350510
545888
228577
800953
34867
204075
396094
774532
931404
810135
351812
397855
419845
44521
212969
752435
720193
504346
532303
190464
156627
844548
318936
516936
98573
895632
546774
918810
561483
100685
538987
599970
747195
390071
812242
179636
519524
187220
494490
190518
228854
415527
825103
931489
344845
941254
193923
141357
126088
64305
875969
324999
974448
583883
401937
476212
301546
537774
569083
824449
187464
18715
819200
746743
681785
217284
992452
805802
404103
778889
438785
981796
196777
827178
663265
67738
155786
491495
83965
109766
187302
253339
822966
716239
997320
933955
30528
214117
568590
401455
33428
306347
656388
7222
326686
963589
576928
215586
465271
255577
379596
527429
559825
227397
572527
885811
40058
512914
200194
701788
564394
195028
808397
346185
317131
314352
700490
842683
921523
34079
987150
110670
479466
878629
776692
606400
185836
133504
318885
75884
863647
533650
910075
698175
212203
545633
783509
637417
239278
884377
76516
115892
374607
849561
348401
957395
373556
638509
729265
514911
228584
165602
688907
435949
932145
720872
371272
578566
735015
614685
365638
315458
75345
197549
426601
654024
606230
772783
41406
61403
119360
746658
84016
439811
909380
256146
182252
842480
255998
643510
537576
255627
371672
591828
442318
806765
462421
446543
709445
310918
76669
664060
520555
750731
750242
490124
894154
256700
106071
145240
943847
877839
644652
127770
420974
804826
93558
110615
394281
379083
588544
312639
515530
763792
332601
988566
670614
457976
132739
140686
97937
786163
50698
491700
259950
762041
932514
96611
226546
44945
122365
