122
210
307
379
382
568
796
815
906
923
1320
1622
1703
1944
1964
2150
2157
2188
2272
2447
2460
2469
2619
2832
2853
3009
3335
3371
3695
3773
3888
4000
4027
4074
4114
4139
4202
4216
4415
4430
4468
4627
4736
4747
4787
4956
5204
5208
5300
5578
5827
5927
5954
5971
6001
6073
6196
6212
6215
6219
6286
6436
6627
6632
6652
6800
6846
6876
6936
7083
7120
7131
7159
7167
7222
7237
7245
7543
8071
8113
8292
8334
8382
8387
8451
8564
8742
9010
9108
9213
9303
9338
9526
9603
10018
10052
10386
10581
10824
10855
10884
10890
10973
11198
11254
11386
11481
11482
11538
11642
11651
11705
11715
11750
11844
11883
11977
11978
12038
12172
12228
12232
12279
12313
12320
12404
12417
12640
12661
12682
12907
13082
13205
13223
13423
13434
13556
13591
13592
13624
13758
14146
14293
14318
14357
14398
14598
14658
14719
14752
14965
14984
15117
15439
15836
15927
16084
16276
16323
16438
16543
16724
16740
16825
16936
17316
17330
17634
17713
17755
17947
17965
18073
18165
18190
18297
18363
18419
18568
18629
18715
18770
18784
18844
19133
19158
19203
19291
19358
19555
19751
19849
19980
19990
20100
20105
20127
20161
20206
20560
20746
20769
20985
21124
21147
21202
21235
21283
21311
21402
21457
21727
21798
21939
21960
22083
22103
22168
22256
22398
22432
22658
22938
23024
23038
23111
23161
23234
23424
23437
23620
23730
23817
23827
24105
24309
24325
24326
24364
24403
24410
24591
24900
25045
25180
25291
25448
25506
25532
25642
25737
26033
26267
26334
26750
26936
27055
27210
27215
27286
27555
27748
27781
27849
28210
28312
28368
28403
28432
28490
28555
28768
28794
29147
29251
29462
29655
29664
29704
29772
29938
29963
29970
29978
30051
30083
30265
30286
30425
30498
30528
30533
30608
30759
30862
31173
31238
31278
31365
31389
31442
31444
31594
31639
31671
31913
31914
32092
32103
32234
32254
32363
32372
32395
32402
32527
32537
32744
32990
33376
33428
33820
33861
33929
33931
34079
34083
34379
34390
34800
34854
34867
34898
34974
35118
35132
35275
35599
35608
35779
35858
35868
35908
36002
36029
36045
36158
36280
36379
36482
36744
36785
36870
37128
37218
37277
37442
37574
37690
37713
37806
37890
37923
37927
38058
38126
38194
38218
38254
38679
38771
38818
38825
39051
39222
39523
39795
39938
39988
40041
40058
40591
40732
40790
40827
40958
41037
41164
41182
41186
41377
41396
41406
41580
41606
41808
41850
41939
42031
42140
42235
42303
42346
42503
42526
42604
42742
42753
42810
42838
42853
43072
43176
43181
43445
43549
43675
43785
43857
43874
43991
44151
44181
44199
44458
44521
44542
44546
44610
44696
44847
44945
45246
45303
45327
45704
45758
45813
45946
46033
46117
46402
46533
46671
46686
46690
46762
46812
46966
47182
47231
47350
47368
47606
47959
48480
48657
48726
48764
48809
48897
49041
49323
49442
49527
49544
49584
49621
49654
50131
50191
50246
50278
50323
50546
50641
50698
50733
50752
51080
51112
51192
51197
51287
51455
51649
51756
51941
51990
52024
52432
52470
52643
52801
52803
52842
52877
53028
53258
53471
53542
53673
53742
53765
53804
53811
54084
54156
54350
54425
54542
54596
54818
54886
55006
55091
55127
55160
55188
55288
55483
55562
55602
55726
55765
55808
55883
55992
56090
56240
56268
56273
56331
56353
56545
57024
57033
57086
57126
57375
57708
57738
57950
57971
58226
58250
58276
58367
58448
58503
58518
58594
58630
58787
59021
59104
59310
59581
59716
59725
59853
60178
60192
60229
60679
60831
60967
60997
61118
61280
61290
61347
61403
61479
61699
61801
61826
61957
62100
62143
62246
62313
62444
62514
62564
62663
62757
62762
62931
63083
63113
63312
63575
63700
63814
63961
63967
64102
64305
64376
64394
64421
64471
65048
65299
65331
65521
65564
65580
65667
65696
65804
65888
65978
65996
66037
66074
66135
66283
66373
66426
66468
66620
66657
66711
67009
67098
67109
67293
67382
67434
67471
67715
67738
67763
67816
67880
67968
68157
68237
68352
68662
68663
68703
68867
68998
69038
69066
69067
69084
69136
69238
69320
69603
69739
69955
69978
70128
70235
70340
70465
70662
70679
70822
71094
71242
71338
71500
71565
71607
71611
71653
71798
71838
72002
72138
72394
72524
72658
72789
72838
72874
72986
73148
73222
73242
73323
73332
73368
73408
73413
73449
73547
73566
73628
73952
74008
74462
74547
74758
74915
74931
74965
74977
75013
75015
75017
75040
75042
75063
75153
75158
75229
75299
75345
75420
75432
75674
75777
75780
75819
75884
76178
76386
76446
76474
76516
76669
76821
76902
76919
77072
77120
77169
77176
77324
77395
77434
77705
77710
77786
77824
77876
77879
77934
77967
78027
78104
78453
78470
78577
78650
78733
78754
78890
78972
79161
79237
79560
79636
79654
79729
80094
80113
80227
80541
80556
80603
80609
80756
80925
80978
80980
81041
81254
81270
81344
81371
81561
81625
81673
81967
82000
82092
82185
82213
82239
82258
82270
82478
82487
82510
82613
82615
82815
83011
83021
83231
83304
83305
83470
83526
83569
83643
83672
83755
83883
83965
83990
83997
84016
84074
84095
84125
84272
84325
84428
84914
85060
85063
85236
85263
85277
85330
85333
85473
85653
85882
85942
85966
85973
86173
86204
86497
86509
86590
86665
86677
86849
86943
86947
87007
87136
87138
87276
87294
87462
87574
87627
87635
87682
87812
87830
87955
88011
88099
88213
88294
88339
88451
88542
88760
88944
89259
89260
89287
89438
89612
89711
89940
90075
90261
90269
90647
90666
90818
90922
91115
91295
91338
91346
91644
91746
91780
91884
91886
91927
92429
92444
92536
92591
92592
92607
92637
92698
92777
92825
92899
92969
92980
93128
93432
93558
93971
94247
94290
94316
94465
94511
94545
94595
94667
94771
94789
94909
94998
95071
95420
95520
95539
95607
95657
95722
95995
96119
96142
96172
96281
96354
96443
96611
96638
96670
96835
97208
97312
97381
97452
97502
97573
97784
97806
97879
97937
98104
98377
98464
98573
98747
98825
98984
99038
99155
99241
99604
99685
99772
99992
100079
100109
100123
100191
100297
100375
100523
100580
100593
100635
100685
100788
100876
100924
100927
100963
101091
101202
101294
101417
101635
101754
101772
101787
101850
102124
102241
102309
102331
102392
102482
102700
102863
103046
103068
103100
103112
103150
103199
103311
103524
103600
103653
103862
103878
103894
103907
104122
104171
104477
104487
104551
104695
104743
104785
104864
104968
105046
105159
105162
105300
105449
105488
105661
105678
105680
105778
106063
106071
106326
106503
106557
106708
106818
107048
107108
107169
107219
107310
107367
107592
107711
107788
107822
107828
107835
107871
107937
108161
108242
108392
108482
108495
108659
108665
108712
108786
109007
109063
109448
109532
109687
109710
109759
109766
109772
109835
109920
110144
110177
110272
110313
110345
110363
110439
110615
110670
110788
110810
110817
110856
110861
111075
111256
111329
111345
111349
111368
111676
111691
112266
112336
112642
112697
112712
112720
112744
112773
112799
112871
112945
113011
113061
113729
113737
113829
114334
114402
114603
114671
114673
114704
114729
114748
114778
114864
114868
114921
114961
115010
115297
115307
115366
115721
115892
115963
116122
116172
116180
116248
116262
116344
116361
116402
116418
116477
116515
116621
116859
116860
117028
117345
117457
117461
117537
117634
117653
117674
117760
117840
117897
117989
118053
118177
118248
118295
118315
118406
118443
118445
118572
118766
118805
118815
118862
118940
118965
119006
119095
119159
119360
119445
119610
119632
119962
120354
120356
120389
120513
120545
120548
120625
120699
120913
121140
121287
121295
121340
121405
121549
121659
121663
121715
121796
122277
122284
122356
122365
122425
122462
122478
122584
122611
122620
122696
122903
123020
123026
123093
123333
123356
123374
123510
123606
123648
123664
123708
123747
123836
123854
123882
123979
124127
124150
124281
124301
124322
124442
124497
124537
124571
124705
124713
124771
124842
124849
124940
125134
125158
125184
125196
125514
125583
125960
125971
126088
126114
126207
126577
126716
126922
127007
127039
127189
127362
127683
127709
127770
128013
128133
128282
128479
128595
128839
129074
129107
129379
129623
129715
129816
129899
130034
130179
130214
130289
130489
130605
130882
131053
131131
131226
131257
131320
131436
131532
131655
131685
131834
131882
131935
131992
132035
132125
132646
132652
132704
132739
132820
133156
133275
133491
133504
133507
133560
133583
133589
133609
133896
133917
133938
134027
134122
134171
134184
134401
134659
134660
134664
134716
134766
134936
135061
135078
135192
135367
135378
135486
135820
135877
136186
136195
136208
136379
136554
136614
136797
136799
136905
136929
136945
136981
137032
137086
137124
137237
137332
137537
137584
137708
137754
137812
138098
138117
138161
138342
138574
139012
139122
139198
139369
139409
139552
139693
139847
140157
140176
140218
140420
140539
140541
140686
140806
140952
140989
141005
141070
141297
141357
141545
141616
141682
141910
141913
142258
142285
142497
142518
142725
142883
142905
143022
143078
143318
143364
143576
143604
143693
143873
143880
143936
143994
144272
144350
144546
144692
144700
144817
144912
145049
145122
145211
145222
145232
145240
145517
145603
145612
145645
145691
145779
146124
146208
146269
146424
147135
147157
147180
147213
147699
147758
147792
147871
147925
148007
148073
148081
148163
148307
148405
148414
148506
148603
148688
148805
148853
149096
149102
149481
149499
149541
149802
149979
150078
150139
150380
150452
150502
151070
151181
151195
151314
151315
151343
151409
151504
151515
151898
151941
151980
152055
152135
152136
152529
152589
152601
152634
152638
152642
152648
152724
153119
153288
153468
153478
153590
153668
153771
153861
154006
154074
154276
154531
154672
154741
154782
154819
154870
154900
155003
155178
155400
155437
155522
155598
155599
155755
155756
155757
155786
155797
155863
155983
156101
156439
156627
156746
156846
157151
157170
157233
157238
157287
157426
157466
157478
157545
157606
157633
157957
158006
158137
158173
158213
158221
158280
158621
158680
158704
158745
158762
158935
158971
159090
159101
159309
159317
159325
159545
159672
159812
159986
160014
160030
160046
160066
160086
160161
160210
160469
160646
160663
160682
160725
160879
160960
161052
161106
161192
161241
161338
161633
161855
161991
161993
162053
162378
162403
162408
162410
162669
162678
162788
162926
162992
163124
163193
163549
163578
163643
163765
163860
163884
163887
163941
164049
164209
164278
164300
164383
164434
164753
164774
164801
164961
165000
165010
165123
165232
165261
165431
165440
165485
165548
165602
165634
165673
165683
165713
165736
165848
165917
166019
166034
166189
166219
166232
166473
166544
166734
166753
166949
166964
167140
167205
167211
167443
167568
167620
167744
167878
167955
167965
168325
168383
168400
168538
168653
168861
169083
169110
169257
169267
169603
169852
169988
170073
170102
170236
170377
170741
170749
170807
170825
170834
170861
170869
171016
171062
171092
171096
171105
171161
171455
171456
171548
171583
171612
171664
171706
171991
172146
172165
172240
172311
172333
172465
172641
172878
172892
173050
173165
173353
173395
173541
173584
173638
173681
173750
173775
173893
174034
174365
174378
174385
174605
174626
174665
174778
174784
174789
174882
175095
175145
175172
175360
175398
175454
175875
176128
176172
176467
176641
176807
177000
177064
177192
177340
177378
177756
177825
177879
178032
178046
178127
178356
178619
178638
178652
178668
178947
178958
179163
179207
179284
179636
179700
179736
179904
180256
180430
180443
180446
180455
180620
180789
180864
180955
181097
181145
181171
181246
181279
181307
181321
181383
181520
181521
181991
181995
182204
182252
182362
182400
182564
182577
182618
182641
182764
182844
182853
182868
182910
183326
183382
183399
183413
183514
183526
183534
183603
183624
183733
183836
183885
183958
183982
184123
184263
184332
184367
184416
184422
184505
184515
184642
184652
184724
184798
185086
185139
185154
185208
185252
185314
185468
185482
185486
185534
185666
185693
185781
185836
185844
185869
186089
186116
186262
186314
186440
186501
186536
186702
186788
187119
187195
187220
187261
187302
187349
187396
187464
187591
187670
187689
187779
187791
188058
188079
188481
188613
188729
188827
188858
188921
189042
189062
189220
189237
189274
189302
189389
189451
189570
189665
189726
189762
189767
189840
189846
189982
189992
189995
190188
190224
190346
190464
190518
190633
190637
190664
190700
190755
190790
190884
190904
190951
190953
190968
191009
191070
191350
191561
191613
191637
191774
191860
191931
191933
191957
191978
192043
192261
192286
192325
192388
192527
192551
192646
192654
192667
192683
192705
192783
192933
192962
193270
193418
193756
193844
193923
193982
194192
194200
194247
194283
194329
194337
194352
194512
194526
194559
194756
195028
195044
195381
195382
195436
195452
195746
195772
195931
196270
196297
196401
196531
196613
196629
196777
197008
197087
197323
197549
197860
197956
197986
198030
198152
198239
198259
198265
198343
198493
198542
198679
198698
198863
199115
199249
199294
199501
199579
199928
199930
199942
200156
200163
200194
200202
200212
200299
200337
200684
200914
200948
201035
201038
201138
201177
201276
201435
201517
201531
201574
201733
201755
201783
202164
202239
202398
202464
202491
202773
202798
202920
202982
202988
203035
203056
203081
203266
203272
203361
203365
203530
203571
203648
203698
203794
203923
203943
203948
203973
204027
204065
204075
204107
204353
204443
204528
204550
204665
204673
204728
204892
204934
205151
205186
205393
205417
205483
205546
205570
205688
206025
206097
206151
206244
206260
206345
206350
206676
206834
206840
206950
206993
207200
207283
207447
207600
207754
207918
207919
208067
208070
208557
208643
208782
208794
208825
208909
209037
209070
209430
209448
209495
209510
209549
209571
209611
209780
209914
210045
210117
210198
210240
210246
210436
210474
210664
210677
210744
211004
211050
211099
211101
211170
211327
211491
211496
211704
211810
211854
211883
211913
211929
212009
212066
212068
212089
212173
212203
212379
212639
212690
212849
212969
212999
213002
213008
213140
213230
213252
213334
213407
213778
213799
213855
213868
213894
213967
213987
214027
214052
214117
214233
214243
214309
214340
214353
214377
214392
214532
214701
214831
214970
214989
215186
215510
215560
215586
215756
215940
216129
216238
216241
216495
216627
216771
216793
216857
216932
216960
216968
217021
217036
217062
217065
217284
217298
217357
217704
217716
217878
217942
218054
218139
218171
218196
218384
218437
218536
218659
218790
219191
219268
219455
219631
219798
219801
219828
219868
219948
220092
220126
220174
220384
220431
220603
220988
221042
221400
221546
221599
221696
221698
221730
221731
222172
222182
222267
222586
222873
222892
222918
222998
223023
223035
223085
223239
223350
223454
223558
223585
223683
223917
223938
224055
224397
224576
224648
224752
224764
224811
224823
224844
225021
225045
225051
225076
225114
225399
225544
225550
225689
225696
225728
225860
226018
226067
226207
226261
226407
226471
226473
226546
226651
226731
227209
227397
227453
227501
227707
227714
227886
227945
227948
227962
228066
228315
228343
228577
228584
228809
228852
228854
228976
229066
229203
229229
229275
229367
229395
229514
229576
229656
229677
229841
229898
230025
230103
230779
230927
231068
231197
231431
231437
231515
231539
231657
231734
231818
231875
232094
232095
232172
232266
232496
232914
233034
233145
233146
233245
233260
233269
233342
233424
233448
233944
233973
233993
234505
234559
234573
234676
234777
234791
234959
235061
235074
235257
235339
235349
235370
235546
235746
235918
236000
236008
236361
236373
236380
236546
236552
236576
236788
236800
236856
236968
236988
237019
237049
237050
237458
237524
237633
237915
237918
238052
238140
238163
238453
238800
238872
238898
239070
239229
239250
239278
239351
239409
239432
239510
239985
240106
240200
240235
240238
240300
240546
240677
240834
240947
241091
241105
241321
241522
241535
241605
241720
241747
241772
241816
241819
241827
241848
241862
241999
242204
242251
242513
242636
242879
243070
243094
243118
243250
243289
243312
243350
243395
243485
243553
243773
243828
244053
244135
244149
244332
244351
244558
244903
245054
245254
245259
245607
245716
245876
245896
245953
246033
246261
246386
246429
246445
246448
246462
246917
247280
247449
247460
247586
247599
247686
247906
247927
247930
248295
248358
248381
248449
248545
248549
248626
248674
248726
248817
248842
248869
249092
249120
249176
249305
249511
249538
249594
249649
249800
249934
250007
250051
250068
250074
250089
250124
250187
250215
250271
250285
250570
250654
250787
251066
251069
251084
251231
251273
251391
251596
251673
252026
252139
252261
252279
252297
252514
252577
252758
252896
252954
253173
253266
253339
253509
253635
253657
253819
253972
254062
254303
254514
254588
254677
254712
254916
255000
255013
255100
255402
255577
255619
255627
255637
255695
255703
255732
255801
255963
255998
256003
256049
256081
256084
256146
256211
256271
256415
256628
256700
256811
256859
256984
257018
257074
257201
257344
257357
257386
257392
257464
257660
257934
257954
258011
258192
258286
258333
258514
258783
258939
258969
259171
259176
259179
259377
259396
259605
259950
260132
260164
260496
260527
260773
260806
260875
261027
261066
261103
261182
261218
261463
261470
261683
261707
261739
261830
261838
261978
262016
262106
262115
262146
262150
262158
262377
262390
262466
262577
262582
262585
262591
262676
262700
262816
262852
263017
263046
263319
263469
263753
263756
263845
263869
264103
264318
264470
264509
264585
265106
265207
265245
265261
265437
265590
265639
265731
265911
265948
266195
266294
266677
266687
266769
266822
266880
266885
267198
267647
267653
267780
268153
268485
268505
268673
268676
268743
268781
268819
269007
269012
269092
269296
269374
269653
269877
269885
269918
269937
269968
270055
270205
270341
270669
270915
270987
271010
271052
271145
271168
271212
271407
271425
271472
271603
271618
271715
271733
271745
272217
272285
272312
272350
272450
272484
272749
272774
272786
272868
273058
273076
273140
273290
273396
273569
273703
273753
273804
273817
273875
273910
274145
274405
274638
274747
274878
275000
275005
275047
275696
275892
275937
275955
276133
276252
276366
276411
276605
276655
276827
276883
276936
276994
277015
277074
277078
277214
277432
277483
277533
277541
277765
277793
277850
277889
277968
278059
278121
278166
278194
278326
278441
278488
278566
278763
279099
279167
279176
279240
279256
279279
279493
279500
279528
279537
279551
279642
279699
279816
279819
279914
280203
280252
280465
280473
280526
280577
280733
280790
280809
280882
280925
280986
281434
281445
281448
281782
281823
281890
281920
281962
282200
282240
282344
282457
282526
282533
282642
282737
282758
282775
282880
283056
283136
283300
283400
283606
283645
283706
283932
283947
284069
284122
284605
284623
284710
284806
284870
284908
284990
285104
285212
285381
285440
285825
285896
285918
285983
286050
286070
286099
286124
286220
286395
286396
286589
286603
286647
286664
286720
286862
286874
287021
287038
287049
287114
287190
287269
287335
287450
287520
287565
287576
287606
287664
287691
287719
287731
287825
288196
288247
288351
288466
288546
288714
288753
288799
288941
288990
289061
289082
289394
289430
289466
289486
289515
289534
289536
289588
289733
290006
290102
290252
290276
290404
290449
290505
290858
290948
291510
291693
291764
291858
292162
292189
292331
292332
292388
292618
292642
292695
293119
293223
293323
293459
293515
293594
293855
294247
294287
294415
294699
294773
294905
294950
295083
295238
295264
295368
295416
295574
295580
295784
295961
296318
296587
296613
296712
296826
296865
296966
297234
297419
297486
297587
297645
297681
297741
297750
297777
297799
297844
297970
298424
298534
298540
298559
298740
298751
298766
298894
298896
298948
299006
299085
299098
299121
299211
299312
299368
299404
299514
299595
299649
299817
299919
299922
300009
300057
300087
300103
300165
300311
300443
300665
300683
300905
300973
301068
301097
301118
301151
301191
301310
301406
301514
301546
301578
301673
301704
301705
301884
301891
302002
302016
302153
302200
302276
302308
302353
302455
302461
302477
302619
302683
302733
302782
303217
303529
303541
303555
303579
303595
303733
304079
304210
304220
304249
304396
304483
304524
304696
304723
304850
304867
304945
305067
305338
305345
305607
305784
305865
305917
306157
306185
306234
306253
306326
306345
306347
306391
306745
306825
306959
306964
307060
307092
307167
307177
307234
307404
307423
307559
307564
307636
307863
308080
308212
308231
308252
308263
308290
308303
308417
308558
308601
308649
308783
308966
308968
309041
309102
309241
309249
309332
309407
309456
309545
309548
309621
309722
309921
310005
310040
310831
310847
310918
310919
310955
311197
311381
311438
311598
311723
311817
311862
311946
311964
312015
312048
312318
312377
312498
312513
312623
312639
312728
312732
312737
312822
312882
312900
313031
313143
313242
313246
313261
313330
313601
313609
313685
313852
313896
313935
314025
314031
314080
314141
314287
314309
314352
314372
314494
314607
314649
314678
314757
314818
314858
315168
315236
315292
315344
315427
315458
315484
315528
315600
315658
315752
315875
315960
315968
315975
316258
316308
316338
316518
316522
316655
316678
316877
316950
317131
317241
317258
317366
317395
317408
317654
317690
317718
317907
318037
318044
318061
318217
318398
318505
318728
318813
318832
318849
318852
318873
318876
318885
318919
318936
319013
319216
319440
319503
319529
319638
319672
319875
320054
320116
320195
320208
320476
320521
320545
320697
320790
320849
320880
321000
321118
321161
321298
321324
321452
321473
321500
321674
321840
321844
322211
322245
322251
322264
322395
322659
322703
322822
322946
322969
323262
323322
323339
323471
323505
323514
323559
323669
323755
323841
323885
323901
324253
324513
324693
324764
324856
324900
324999
325071
325289
325436
325805
325960
326003
326077
326498
326626
326641
326686
326697
326761
326794
326863
326896
326931
327052
327219
327290
327422
327530
327701
327863
327999
328015
328102
328143
328233
328337
328413
328416
328472
328514
328560
328612
328768
328989
329098
329179
329248
329309
329334
329485
329705
329759
329951
330024
330035
330070
330108
330198
330427
330433
330472
330494
330590
330602
330711
330784
330913
330943
331438
331533
331625
331667
331717
331751
331761
331999
332011
332118
332173
332470
332546
332601
332665
332694
332834
332882
332903
333018
333045
333067
333089
333121
333436
333563
333739
333818
333946
334097
334110
334113
334283
334302
334319
334602
334614
334631
334768
334974
335084
335223
335336
335690
335707
335725
335751
335860
335992
336083
336366
336699
336835
336987
337107
337209
337264
337302
337353
337429
337528
337696
337721
337987
337989
338042
338175
338257
338379
338640
338732
338778
339054
339107
339111
339218
339314
339355
339559
339673
340105
340219
340247
340382
340517
340536
340895
341283
341321
341491
341507
341524
341549
341623
341627
341863
342350
342555
342572
342670
342767
342928
343000
343293
343334
343820
343879
344029
344140
344243
344378
344427
344455
344565
344608
344845
344979
345004
345198
345317
345520
345529
345546
346002
346010
346085
346185
346236
346282
346283
346315
346433
346449
346558
346891
347015
347100
347360
347546
347557
347664
347692
347722
347815
347847
347946
348021
348043
348222
348294
348334
348378
348401
348459
348478
348514
348572
348905
348907
348995
349055
349075
349197
349251
349519
349567
349644
349670
349718
349745
349853
349924
349987
350117
350161
350182
350262
350391
350468
350510
350939
351100
351106
351153
351155
351231
351275
351282
351429
351470
351633
351675
351809
351812
351833
351977
352067
352237
352250
352372
352468
352543
352580
352582
352586
352835
352892
353195
353300
353340
353507
353559
353619
353651
353692
353883
353980
354027
354063
354208
354300
354401
354461
354645
354656
354687
354717
354743
354806
354823
354923
354994
355117
355158
355234
355294
355314
355329
355439
355527
355561
355668
355725
355780
355808
355838
355857
355884
356079
356118
356159
356206
356258
356417
356478
356552
356614
356699
356811
356879
356887
357007
357115
357326
357546
357553
357612
357695
357725
357842
357877
357905
358034
358115
358127
358138
358141
358203
358308
358963
359046
359140
359144
359206
359352
359546
359642
359663
359889
359933
360171
360223
360243
360442
360461
360463
360569
360671
360707
360763
360771
360792
360907
361058
361224
361262
361448
361548
361893
362041
362103
362266
362495
362606
362767
362823
362886
362943
362990
362992
363057
363118
363176
363217
363281
363293
363329
363420
363564
363577
363600
363652
364006
364037
364042
364095
364127
364311
364390
364400
364424
364456
364821
364823
365090
365179
365266
365291
365311
365593
365638
365872
366210
366267
366631
366724
366788
366913
367202
367206
367210
367700
367712
367728
368275
368348
368402
368468
368725
368767
368840
368993
369070
369093
369099
369237
369329
369729
369740
369806
369827
369838
369863
370010
370056
370072
370160
370378
370529
370695
370799
371201
371272
371290
371497
371514
371587
371627
371672
372130
372177
372209
372466
372567
372630
372640
372660
372676
372801
372882
373004
373314
373406
373556
373725
373850
373989
374007
374256
374589
374607
374961
375001
375027
375081
375173
375176
375257
375394
375431
375631
375697
375985
376073
376181
376185
376214
376278
376288
376358
376412
376572
376732
376786
376788
377165
377210
377240
377386
377753
377782
377857
377860
378212
378370
378491
378533
378618
378717
378901
379051
379083
379110
379596
379756
380113
380251
380285
380331
380377
380444
380504
380556
381014
381060
381085
381094
381158
381335
381361
381365
381406
381572
381638
381651
381925
382043
382050
382728
382824
383168
383209
383261
383268
383389
383418
383454
383677
384127
384231
384304
384500
384507
384537
384617
384744
384807
384808
384885
385042
385162
385279
385517
385774
385928
385986
386057
386091
386151
386167
386227
386417
386506
386513
386567
386615
386631
386887
386961
387021
387039
387120
387158
387194
387200
387390
387492
387548
387666
387711
387753
387766
387874
388167
388205
388490
388495
388556
388748
388914
389348
389609
389678
389952
390071
390107
390138
390274
390329
390506
390542
390688
390867
390995
391010
391024
391386
391392
391584
391675
392029
392340
392457
392510
392595
393346
393415
393616
393680
393715
393866
393897
393923
393984
394068
394190
394281
394303
394514
394515
394550
394587
394757
394853
394995
395191
395587
395799
396038
396094
396175
396328
396426
396463
396790
396931
397000
397044
397190
397203
397222
397449
397679
397855
397856
398108
398146
398246
398252
398285
398624
398630
398655
398706
398760
399045
399147
399417
399443
399497
399561
399617
399699
399725
399815
399863
399869
400102
400106
400132
400210
400374
400422
400478
400811
400900
400991
401071
401145
401197
401389
401455
401670
401756
401849
401867
401884
401937
402039
402076
402334
402382
402478
402505
402529
402603
402686
402731
402788
402934
403081
403230
403255
403337
403374
403443
403555
403607
403921
404103
404172
404217
404219
404270
404326
404376
404432
404489
404731
404856
405503
405602
405640
405735
406064
406119
406143
406162
406248
406280
406632
406741
406823
406853
406859
406900
406935
407225
407350
407384
407443
407474
407717
407739
407797
407813
407836
407866
407876
407906
407948
407998
408012
408029
408030
408079
408146
408192
408232
408310
408329
408345
408407
408497
408700
408808
408815
408820
408872
408880
409223
409242
409301
409312
409343
409358
409366
409657
409809
409836
409856
410199
410329
410405
410458
410467
410471
410539
410556
410605
410609
410703
410834
411213
411587
411610
411653
411831
411843
412117
412233
412239
412276
412356
412390
412799
412841
412984
413210
413254
413262
413273
413419
413495
413685
413688
413809
413880
414029
414152
414174
414312
414385
414484
414573
414599
414899
414925
414943
414982
415167
415208
415224
415284
415286
415303
415505
415527
415585
415592
415638
415900
415962
416015
416814
416816
416827
416909
416999
417073
417088
417093
417124
417255
417273
417510
417610
417711
417818
417879
417883
417912
417939
417940
417953
418118
418214
418218
418224
418372
418490
418562
418688
418767
418840
418958
419074
419224
419245
419252
419340
419528
419569
419696
419840
419845
419874
419961
419996
420261
420310
420326
420408
420498
420608
420614
420645
420974
421100
421109
421178
421184
421463
421490
421566
421889
422035
422084
422441
422455
422554
422561
422594
422632
422727
422960
423192
423194
423251
423353
423477
423580
423581
423662
423803
423843
423866
424138
424217
424704
424805
424823
424846
424953
425023
425070
425091
425210
425252
425354
425429
425431
425436
425510
425603
425621
426104
426326
426352
426596
426601
426692
426733
426857
426896
426941
427647
428000
428054
428066
428073
428235
428254
428621
428767
428844
428869
428942
428945
429050
429142
429175
429322
429409
429463
429654
429699
429843
429959
430097
430143
430332
430409
430443
430469
430563
430771
430790
430904
430980
431048
431124
431135
431294
431465
431699
431749
431758
431798
431817
432071
432129
432218
432300
432304
432396
432559
432732
432787
432836
432954
433087
433147
433177
433358
433387
433432
433572
433714
433739
433753
433782
434057
434096
434280
434324
434382
434410
434437
434459
434529
434623
434661
434714
434720
434754
434760
434805
434807
435114
435155
435190
435625
435792
435856
435868
435884
435949
435986
436136
436177
436569
436685
436869
437140
437437
437562
437580
437777
437870
437895
437964
437968
438058
438123
438330
438384
438417
438438
438477
438596
438662
438760
438785
438837
439035
439512
439516
439520
439525
439811
439901
439981
440470
440554
440556
440591
440635
440669
440676
440885
440999
441013
441215
441230
441301
441308
441338
441430
441500
441583
441877
441912
441955
441978
442075
442139
442175
442205
442252
442264
442318
442375
442509
442570
442587
442984
443193
443215
443372
443894
444081
444098
444107
444111
444120
444134
444137
444321
444403
444552
444633
444844
444945
444959
445080
445295
445555
445659
445701
445705
445735
445822
446129
446233
446341
446543
446592
446615
446644
446682
446934
446965
446984
447142
447153
447170
447285
447368
447459
447461
447622
447689
447718
447786
447854
448174
448379
448402
448619
448639
448673
448745
448787
448814
448991
449144
449238
449299
449374
449427
449436
449552
449613
449659
449753
449874
449887
449962
450159
450246
450367
450468
450583
450602
450706
450723
450929
451178
451253
451353
451373
451717
451765
451779
451803
452449
452726
452733
452761
452859
453272
453325
453338
453423
453504
453676
453769
453907
454021
454091
454143
454149
454152
454171
454268
454275
454426
454440
454548
454657
454735
454755
454773
454783
455469
455486
455501
455526
455557
455670
455690
456141
456226
456236
456339
456346
456375
456600
456695
456956
457127
457273
457457
457464
457478
457587
457589
457652
457702
457976
458019
458191
458263
458649
458789
458817
458831
458945
459020
459113
459180
459197
459238
459333
459555
459632
459773
459860
459903
460246
460421
460426
460568
460678
460696
460813
461034
461049
461309
461755
461791
461806
461812
461835
461871
461992
462032
462225
462282
462355
462421
462471
462712
462849
463058
463148
463184
463331
463503
463513
463521
463530
463567
463647
463674
463730
463786
463811
463892
463943
464311
464418
464494
464497
464567
464615
464866
464974
465203
465271
465584
465688
466012
466015
466019
466084
466109
466278
466363
466384
466499
466501
466502
466623
466745
466761
467135
467147
467171
467225
467297
467315
467441
467566
467687
467772
468180
468265
468295
468298
468380
468393
468487
468604
469073
469094
469097
469098
469196
469649
469709
469712
469754
469790
469860
469897
469939
470213
470506
470550
470575
470787
470792
470865
471212
471261
471579
471587
471668
471732
471902
472138
472146
472178
472583
472713
472764
472920
473307
473341
473518
473525
473585
473764
473815
473900
473925
473933
473973
474101
474124
474219
474267
474323
474368
474446
474573
474671
474745
474747
474848
475114
475129
475209
475309
475403
475791
475806
475924
476020
476212
476253
476511
476515
476519
476533
476763
476834
476897
476927
476940
476956
477001
477004
477104
477186
477250
477306
477408
477418
477617
477622
477698
477700
477799
477816
477878
478054
478057
478220
478342
478604
478661
479033
479152
479253
479466
479475
479610
479702
479785
479799
479950
479966
480088
480168
480259
480341
480558
480708
480957
481299
481512
481666
481693
481705
481744
481780
481833
482070
482072
482177
482281
482420
482441
482458
482477
482643
482746
482788
483007
483096
483114
483232
483284
483349
483375
483742
483821
483951
484003
484019
484065
484116
484205
484211
484212
484249
484446
484651
484670
484751
484753
484861
484865
484874
484894
484942
485052
485075
485103
485118
485210
485247
485249
485279
485370
485461
485569
485638
485643
485650
485664
486008
486281
486293
486412
486423
486504
486614
486622
486668
486672
486694
486819
486981
487017
487074
487097
487216
487260
487311
487335
487344
487380
487390
487434
487559
487584
487610
487652
487755
487761
488006
488017
488097
488100
488141
488553
488829
488839
488921
489059
489095
489096
489146
489376
489408
489442
489453
489508
489723
489969
490031
490052
490087
490124
490161
490498
490672
490802
490878
491029
491030
491065
491133
491201
491383
491408
491495
491512
491700
491705
491709
491743
491764
491777
491880
492071
492096
492347
492431
492503
492693
492931
493017
493068
493222
493330
493407
493412
493440
493487
493610
493634
493704
493877
493924
494095
494125
494195
494259
494313
494455
494490
494511
494836
494942
495045
495050
495142
495477
495573
495638
495804
495836
495891
495939
496237
496267
496286
496297
496608
496616
496685
496729
496997
497021
497027
497056
497090
497262
497462
497903
498073
498148
498172
498207
498249
498327
498613
498617
498620
498749
498822
499086
499200
499237
499309
499331
499367
499398
499408
499546
499596
499705
499739
500030
500104
500137
500139
500140
500155
500199
500235
500377
500703
500767
500854
500877
500984
500990
501098
501315
501406
501471
501483
501655
501658
501659
501688
501735
501823
501911
502192
502363
502454
502618
502724
502813
502827
502832
502978
503302
503651
503661
503752
503775
503779
503899
504100
504259
504346
504514
504713
504732
504827
504865
505040
505045
505143
505319
505334
505367
505390
505416
505527
505585
505704
505813
505843
505889
505920
505992
506055
506064
506071
506242
506417
506450
506455
506790
506899
507023
507275
507363
507464
507588
507606
507608
507619
507733
507902
508283
508312
508313
508338
508390
508510
508715
508787
508849
508857
509199
509363
509516
509618
509654
509658
509687
509784
509821
509913
510005
510260
510262
510333
510418
510483
510516
510518
510567
510616
510649
510723
510961
510995
511098
511623
511631
511871
512011
512037
512080
512217
512278
512489
512736
512892
512914
513051
513063
513153
513154
513281
513349
513454
513488
513757
513815
513937
514138
514356
514399
514599
514609
514888
514911
514943
514945
514998
515067
515137
515160
515330
515344
515449
515530
515537
515613
515684
515781
515816
516099
516151
516283
516297
516424
516476
516482
516567
516632
516657
516750
516936
516995
517205
517221
517478
517807
517864
517919
518283
518352
518365
518498
518552
518707
518881
518930
518965
519064
519065
519066
519117
519123
519137
519194
519205
519356
519429
519513
519524
519526
519565
519611
519639
519893
520025
520097
520211
520212
520337
520357
520460
520555
520633
520714
520756
520825
520828
520892
521322
521328
521377
521378
521530
521610
521662
521803
521901
522017
522134
522149
522237
522277
522347
522422
522432
522463
522520
522579
522618
522762
522809
522889
522900
522938
522960
522967
523120
523142
523188
523211
523368
523432
523507
523679
523809
523837
524032
524059
524190
524361
524368
524388
524547
524683
524849
524933
525101
525115
525120
525124
525162
525232
525256
525359
525388
525424
525491
525615
525814
525936
525969
525978
526003
526252
526425
526456
526484
526527
526533
526610
526668
526701
526869
527197
527207
527239
527429
527496
527566
527703
527741
528353
528394
528427
528553
528578
528852
528899
528912
529193
529314
529332
529684
529944
529987
530397
530505
530586
530595
530641
530720
531039
531067
531142
531154
531158
531186
531202
531219
531350
531385
531390
531436
531456
531490
531630
531736
531797
531899
532126
532303
532306
532308
532313
533316
533476
533608
533650
533666
533708
533797
533799
533814
533894
534082
534164
534234
534420
534463
534768
534772
534803
534817
534930
535121
535124
535180
535380
535443
535521
535640
535661
535764
535829
536039
536275
536321
536479
536504
536559
536615
536793
536870
536981
536987
537117
537169
537216
537225
537322
537576
537584
537774
538011
538060
538295
538406
538540
538561
538735
538987
539109
539115
539176
539209
539266
539270
539364
539479
539496
539523
539527
539598
539650
539855
540081
540097
540111
540263
540338
540515
540581
540760
540761
540836
541170
541174
541186
541304
541330
541405
541837
541882
541894
541912
541973
542028
542053
542207
542438
542489
542580
542771
542880
542980
543115
543234
543331
543341
543388
543399
543404
543430
543457
543553
543889
543954
543990
544103
544232
544290
544581
544598
544639
544679
544790
544897
545067
545199
545377
545585
545633
545651
545838
545849
545888
545982
546023
546032
546077
546159
546462
546655
546774
546790
546910
547056
547081
547088
547305
547515
547641
547718
547828
547885
547973
548042
548136
548149
548240
548317
548535
548620
548751
548753
548770
548802
548827
548843
548931
548937
548959
549062
549124
549193
549264
549624
549642
549713
549714
549734
549795
549881
549920
549949
549950
550018
550061
550081
550128
550319
550353
550371
550570
550771
550912
551043
551094
551099
551128
551186
551213
551309
551312
551460
551530
551607
551658
551680
551821
551897
552042
552140
552314
552422
552638
552825
552998
553110
553143
553405
553451
553544
553744
553872
553945
554071
554161
554281
554442
554608
554703
554716
554817
554843
555016
555039
555245
555249
555261
555351
555547
555673
555706
555776
555777
555822
555870
555909
556060
556081
556284
556297
556362
556485
556649
556655
556864
557097
557231
557278
557288
557325
557327
557409
557966
558635
558808
559322
559401
559446
559460
559508
559519
559712
559825
559830
559888
560033
560049
560217
560277
560352
560355
560466
560494
560633
560637
560660
560760
560937
560979
561089
561196
561211
561310
561348
561473
561483
561518
561549
561555
561561
561622
561648
561754
561780
561830
561974
562026
562249
562405
562461
562654
562736
562815
562849
563090
563197
563397
563467
563629
563773
564086
564366
564394
564467
564469
564510
564560
564678
565067
565132
565177
565315
565376
565703
565770
565777
565818
565896
566204
566296
566419
566563
566747
566796
566901
567151
567332
567395
567514
567608
567663
567678
567788
567862
567914
568002
568012
568032
568055
568132
568248
568357
568402
568576
568590
568617
568772
568947
569044
569083
569430
569761
569775
569918
570016
570134
570170
570184
570232
570235
570263
570329
570356
570358
570385
570430
570560
570599
570801
570832
571268
571303
571516
571656
571689
572032
572033
572366
572527
572528
572591
572772
572776
572831
573262
573288
573316
573317
573588
573866
574064
574100
574142
574151
574166
574327
574356
574476
574498
574581
574674
574758
574828
574869
574929
575113
575197
575219
575239
575259
575421
575489
575528
575814
575872
575987
576038
576389
576401
576609
576748
576928
577024
577074
577097
577233
577344
577486
577853
577929
577933
578018
578133
578178
578237
578333
578395
578426
578566
578613
578719
578893
578970
579006
579057
579155
579324
579377
579445
579487
579527
579681
579693
579718
579725
579750
579781
580028
580178
580185
580279
580335
580344
580471
580586
580953
580962
580963
581104
581600
581796
581855
581992
581999
582079
582141
582359
582527
582553
582758
582869
582872
582922
582947
583035
583246
583270
583320
583422
583437
583452
583466
583574
583883
583970
583984
584013
584117
584118
584177
584240
584282
584346
584544
584621
584663
584805
584915
585008
585150
585513
585543
585720
585857
585878
585891
586087
586139
586158
586374
586407
586491
586605
586632
586791
586848
586863
587042
587071
587123
587279
587698
587736
587750
587776
587852
587873
587938
587943
588021
588210
588302
588309
588361
588408
588544
588638
588644
588775
589363
589373
589443
589565
589941
589943
589948
590312
590381
590421
590481
590621
590646
590655
590818
591062
591173
591249
591270
591283
591322
591507
591573
591632
591706
591718
591754
591828
591971
592097
592138
592165
592189
592198
592397
592564
592672
592912
592928
592932
592962
593185
593285
593387
593421
593455
593555
593668
593818
593892
594200
594256
594299
594342
594500
594548
594587
594704
594898
594960
595138
595188
595220
595225
595416
595481
595639
595817
595996
595997
596151
596344
596363
596390
596706
596903
597099
597435
597476
597479
597485
597494
597594
597609
597667
597706
597733
597754
597952
598009
598096
598189
598338
598618
598719
598816
598856
598859
598868
599420
599456
599508
599700
599792
599812
599908
599970
600450
600476
600541
600549
600583
600646
600689
600736
600886
601083
601088
601175
601342
601418
601428
601500
601548
601565
601810
601973
602009
602048
602268
602306
602336
602548
602549
602565
602574
602592
602681
602754
602884
603094
603142
603178
603219
603266
603344
603424
603704
603841
604204
604279
604289
604337
604512
604893
604928
605138
605314
605642
606230
606394
606400
606411
606422
606432
606475
606605
606681
606762
606861
607055
607170
607325
607423
607489
607565
607662
607754
607789
607865
607923
608020
608282
608346
608470
608500
609299
609515
609555
609600
609625
609723
609790
609909
610005
610246
610294
610374
610397
610411
610435
610476
610533
610570
610596
610804
610949
610994
611012
611292
611456
611518
611589
611910
611970
611971
612206
612213
612351
612369
612664
612914
612988
613050
613072
613383
613569
613593
613673
613866
613885
614001
614117
614139
614251
614266
614405
614412
614499
614558
614685
614708
614779
614784
614804
614980
615098
615158
615171
615201
615245
615257
615322
615330
615421
615428
615662
615687
615761
615781
615798
615903
616013
616027
616044
616133
616156
616257
616267
616303
616406
616506
616552
616561
616584
616712
616738
616986
617003
617016
617376
617377
617410
617461
617760
617861
618002
618378
618769
618914
619057
619098
619161
619199
619363
619656
619735
620004
620034
620094
620227
620444
620462
620502
620510
620530
620777
620801
620827
620844
620890
620957
621419
621503
621641
621676
621713
621758
621907
622125
622215
622524
622532
622628
622729
622752
622791
622828
622857
622981
623070
623185
623189
623198
623296
623306
623321
623522
623590
623808
623898
623983
624063
624099
624190
624271
624343
624416
624722
624750
624859
624862
624911
624937
625043
625156
625336
625586
625841
626077
626239
626437
626489
626519
626738
626857
626878
626936
627125
627213
627284
627541
627607
627679
627693
627892
627941
627948
627974
628040
628121
628280
628295
628307
628314
628374
628401
628411
628474
628686
628710
628837
629079
629186
629350
629403
629457
629612
629615
629677
629721
629853
630230
630250
630304
630563
630886
631188
631196
631220
631681
631800
631850
632002
632016
632054
632196
632484
632485
632558
632609
632633
632636
632944
633073
633104
633126
633159
633254
633347
633533
633574
633631
633675
633805
633821
633906
633953
633976
634052
634119
634227
634867
634898
635128
635255
635473
635491
635684
635702
635840
635913
636017
636046
636066
636264
636658
636697
636838
636845
636862
636866
636884
636919
637311
637331
637417
637622
637630
637719
637838
637946
637974
637978
637981
638175
638181
638210
638295
638324
638435
638474
638509
638748
638766
638787
638798
638858
639096
639193
639229
639231
639258
639365
639474
639508
639596
639611
639763
640061
640189
640304
640356
640443
640511
640578
640632
640884
641000
641111
641379
641529
641561
641700
641761
641778
641864
641944
642002
642275
642434
642545
642584
642660
642834
642894
642934
642998
643006
643072
643103
643107
643164
643284
643473
643510
643528
643534
643555
643633
643727
643895
643932
643939
643976
644014
644031
644186
644393
644543
644611
644652
644737
645055
645142
645205
645358
645431
645478
645498
645548
645602
645861
645874
645920
645993
646064
646122
646393
646399
646419
646421
646541
646560
646700
646785
646789
646865
646875
646922
646930
647117
647628
647635
647820
647896
648285
648494
648519
648599
648674
648870
648942
649014
649201
649390
649398
649549
649657
649667
649754
650046
650140
650366
650368
650547
650613
650616
650758
650827
650865
650879
651124
651213
651286
651393
651423
651682
651834
651841
651963
651986
652016
652089
652223
652263
652312
652328
652499
652558
652580
652783
652963
653282
653737
653780
653855
653872
653892
653973
654024
654430
654534
654571
654610
654641
654710
654854
654948
655326
655588
655622
655729
655742
655882
656026
656041
656368
656388
656511
656562
656739
656794
657002
657161
657222
657328
657419
657473
657512
657555
657558
657617
657753
657756
657846
657888
657984
657993
658000
658430
658433
658489
658511
658783
658909
658913
659150
659242
659304
659331
659376
659425
659429
659433
659453
659645
659898
659995
660013
660094
660124
660155
660175
660198
660204
660344
660523
660850
660898
660947
660955
661101
661141
661159
661249
661260
661279
661355
661595
661637
661862
661880
661967
661991
661993
662573
662604
662621
662721
662860
662920
662932
663009
663265
663307
663348
663769
663834
663900
663950
664058
664060
664139
664201
664281
664329
664469
664556
664639
664785
664863
664869
664993
665001
665056
665075
665085
665157
665350
665471
665778
665855
665865
665936
666275
666438
666559
666633
666710
666736
666781
666811
667201
667218
667271
667498
667546
667572
667607
667657
667789
668074
668337
668644
668715
668803
668894
668955
669011
669067
669121
669229
669292
669358
669544
669613
670003
670133
670157
670163
670330
670534
670614
670676
670714
670757
670937
671043
671216
671244
671586
671737
672062
672118
672179
672207
672268
672283
672290
672484
672643
672675
672814
672821
672891
672934
673103
673214
673266
673386
673389
673435
673761
673923
673940
674045
674079
674084
674160
674327
674491
674628
674706
674785
674842
674945
674951
674984
675422
675439
675468
675482
675582
675655
675713
675877
675935
676235
676534
676684
676688
676758
676796
676819
676896
677038
677338
677587
677634
677641
677662
677694
677961
677993
677994
678003
678139
678351
678468
678712
679159
679182
679193
679194
679554
679725
679803
680112
680131
680236
680276
680358
680377
680423
680430
680610
680611
680808
680816
681336
681456
681501
681555
681673
681678
681685
681785
681850
682290
682327
682334
682615
682843
682859
682895
682968
682989
683150
683262
683267
683385
683686
683739
683751
683880
683928
683961
683977
684036
684043
684236
684426
684658
684691
684721
684846
684859
684980
684993
684998
685063
685379
685539
685613
685638
685867
685960
686029
686039
686049
686383
686594
686654
686743
686835
687033
687189
687199
687213
687225
687399
687401
687404
687451
687490
687574
687576
687591
687773
687792
687846
687890
688161
688191
688243
688440
688758
688907
688974
689142
689410
689442
689453
689472
689606
689784
689818
689927
689974
690010
690348
690398
690446
690547
690601
690637
690764
690889
690934
691013
691168
691218
691443
691510
691666
691920
691995
692001
692112
692140
692210
692232
692266
692296
692298
692365
692398
692403
692424
692474
692490
692574
692588
692594
692609
692661
692771
693309
693343
693409
693435
693443
693539
693559
693674
693762
693925
694063
694176
694449
694454
694495
694603
694630
694870
694922
694992
695051
695201
695304
695331
695369
695703
695706
695714
695717
695753
695765
695840
695896
695951
696482
696702
696832
696877
697049
697094
697101
697103
697310
697422
697457
697704
697744
697850
697925
698084
698175
698384
698414
698621
698628
698882
699027
699188
699315
699436
699457
699481
699488
699505
699625
699689
699913
700012
700080
700082
700319
700360
700417
700490
700645
700750
700830
700878
701004
701228
701374
701721
701788
701860
701982
702023
702032
702047
702102
702107
702233
702295
702432
702600
702634
702733
703185
703227
703239
703418
703551
703600
703669
703869
703892
703902
704129
704220
704269
704352
704393
704522
704540
704587
704588
704640
704646
704652
704743
704802
704885
704893
704898
704974
705054
705093
705335
705391
705406
705412
705435
705450
705531
705538
705601
705676
705923
705970
706076
706264
706406
706444
706446
706490
706560
706574
706656
706720
706729
706954
707187
707242
707393
707403
707635
707856
707926
708029
708105
708346
708400
708454
708498
708513
708648
708697
708712
708735
708916
708935
708980
708994
709025
709028
709162
709179
709243
709325
709385
709445
709496
710052
710092
710131
710218
710329
710443
710475
710500
710676
710731
710903
710955
711106
711228
711285
711904
712056
712202
712259
712433
712468
712500
712527
712574
712658
712846
712848
713091
713498
713605
713752
713977
714022
714078
714143
714178
714316
714338
714647
714681
714976
715119
715135
715222
715345
715420
715594
715732
715793
715838
715878
715974
716239
716291
716393
716436
716543
716550
716554
716672
716678
716831
716889
716898
717069
717082
717181
717237
717295
717488
717523
717524
717888
717905
717942
717977
718058
718084
718145
718154
718158
718188
718258
718386
718492
718697
718834
718835
718889
719182
719373
719381
719489
719568
719933
720082
720153
720193
720203
720270
720318
720425
720483
720581
720583
720593
720690
720756
720872
720887
720913
720943
720950
721155
721231
721238
721459
721518
721562
721591
721613
721623
721740
721776
721848
721852
721880
721984
722007
722148
722153
722274
722436
722574
722629
722671
722745
722810
723007
723107
723185
723238
723273
723379
723406
723790
723868
724091
724144
724190
724291
724307
724345
724387
724460
724484
724548
724764
724872
724881
725135
725345
725346
725623
725664
725701
725782
725861
725874
725947
726112
726128
726141
726216
726299
726395
726434
726464
726615
726672
726760
726815
726828
726857
727117
727162
727163
727182
727211
727464
727472
727595
727610
727702
727759
727852
727892
727966
728293
728555
728575
728607
728703
728721
728780
728879
729251
729265
729271
729435
729513
729532
729563
729658
729684
729685
729962
730122
730174
730402
730588
730717
730722
730766
730775
730804
730815
730978
731040
731110
731375
731513
731573
731744
732486
732488
732542
732704
732746
732954
732986
733088
733231
733355
733422
733572
733677
733681
733716
733720
733725
733758
733836
733867
734117
734217
734506
734589
734838
734840
735015
735105
735175
735267
735298
735426
735532
735578
735663
735942
736065
736095
736372
736389
736507
736597
736892
736909
737078
737220
737352
737476
737492
737616
737706
737735
737878
737937
737956
738010
738170
738230
738264
738286
738592
738641
738822
738830
738841
738879
738900
739123
739193
739293
739332
739756
739772
739822
739948
739993
740122
740137
740188
740229
740297
740298
740474
740521
740669
740937
741020
741046
741051
741141
741265
741455
741526
741617
741696
741896
741900
741942
741990
742293
742506
742748
743415
743450
743467
743502
743554
743682
743710
743741
743943
744024
744032
744049
744111
744359
744380
744445
744681
744703
744806
745145
745334
745356
745385
745471
745490
745520
745587
745655
745807
745846
745979
745999
746128
746266
746320
746524
746658
746743
746837
746976
747128
747195
747475
747710
747916
747994
748154
748235
748312
748360
748396
748466
748538
748613
748655
748874
748918
749299
749400
749401
749532
749578
749594
749621
749798
749859
749865
749872
749919
750028
750242
750297
750398
750434
750614
750671
750731
750767
750780
750849
750906
750949
750976
751161
751166
751202
751251
751267
751410
751464
751770
751975
752064
752078
752261
752325
752379
752435
752480
752724
752740
752978
753055
753072
753084
753193
753325
753558
753607
753627
753773
753895
753926
753972
754262
754313
754437
754475
754600
754703
754725
754760
754786
755155
755166
755251
755331
755350
755464
756030
756138
756324
756400
756551
756567
756685
756794
756880
756889
757120
757205
757558
757579
757760
758007
758064
758124
758412
758530
758571
758638
758737
758833
759043
759044
759128
759221
759240
759377
759514
759690
759735
759899
759950
759966
759996
759999
760190
760250
760356
760443
760472
760711
760739
760778
760856
760922
761008
761010
761104
761140
761275
761388
761395
761479
761523
761694
761723
761756
761835
761875
761907
762041
762163
762220
762358
762415
762461
762549
762720
762819
762842
762867
763040
763115
763126
763140
763242
763312
763430
763588
763626
763637
763792
763851
763938
763963
764016
764367
764381
764403
764438
764600
764699
765466
765520
765565
765605
765686
765824
765946
766195
766778
767088
767117
767179
767383
767587
767633
767880
767886
767901
767977
767992
768160
768174
768177
768204
768325
768380
768721
769037
769118
769134
769642
769790
770008
770469
770675
770687
770700
771078
771083
771134
771152
771199
771309
771320
771433
771879
771917
771943
772067
772336
772339
772423
772460
772501
772512
772624
772721
772775
772783
772855
773012
773093
773122
773272
773290
773401
773535
773594
773608
773616
773772
773904
773994
774155
774201
774223
774280
774305
774416
774455
774532
774580
774655
774786
774823
775092
775228
775263
775378
775408
775461
775588
775607
776146
776364
776414
776552
776558
776587
776666
776691
776692
776740
776978
777161
777246
777258
777307
777626
777892
778108
778217
778276
778388
778398
778481
778539
778585
778762
778772
778889
778907
779004
779087
779486
779495
779554
779681
779792
779822
779880
779970
780335
780403
780479
780498
780512
780682
780759
780820
780951
781090
781264
781284
781542
781975
782258
782335
782341
782432
782554
783017
783043
783061
783077
783157
783194
783232
783247
783375
783385
783391
783485
783509
783563
783657
783717
783765
783795
783824
783931
783932
784065
784067
784078
784089
784222
784295
784335
784645
784654
784765
784779
784784
784837
784982
784996
785140
785303
785465
785497
785870
785902
785920
785943
786033
786163
786345
786397
786613
786880
786906
787455
787524
787525
787540
787736
788061
788289
788353
788360
788498
788814
789016
789092
789175
789201
789260
789421
789546
789812
789824
789977
790035
790364
790497
790667
790773
790791
790833
790847
790896
791185
791518
791595
791670
791719
791742
791745
791986
792150
792256
792297
792626
792683
792713
792907
792999
793048
793076
793112
793123
793401
793763
793885
793903
793915
793950
793958
793962
793968
793985
794032
794110
794661
794847
794889
794950
794970
795121
795222
795320
795559
795605
795717
795765
795984
796018
796062
796090
796096
796169
796350
796456
796470
796502
796601
796697
796719
796841
797039
797155
797330
797465
797483
797559
797580
797616
797886
798025
798062
798093
798190
798342
798410
798456
798464
798643
798730
798809
798989
799000
799452
799461
799467
799515
799627
799673
799862
799906
800204
800238
800253
800342
800351
800396
800440
800606
800607
800627
800636
800668
800820
800870
800953
801220
801332
801479
801515
801793
801837
801893
802038
802131
802388
802401
802615
802646
802733
802770
802789
803043
803046
803125
803276
803333
803680
803689
803806
803838
803941
804052
804073
804086
804197
804341
804535
804558
804588
804622
804826
805064
805157
805214
805374
805461
805527
805550
805802
805893
806078
806100
806156
806439
806624
806765
806925
807003
807065
807330
807729
807863
807873
807876
807902
808007
808217
808225
808356
808397
808526
808607
808834
809018
809038
809223
809234
809263
809277
809288
809296
809308
809486
809523
809685
809790
809863
809941
810019
810135
810137
810349
810359
810378
810520
810615
810893
810919
810929
810946
810963
811023
811074
811118
811129
811602
811745
811750
811782
811789
811974
812083
812152
812242
812578
812584
812594
812667
812732
812749
812751
812968
813098
813325
813375
813379
813451
813534
813579
813597
813673
813732
813766
813799
813834
813910
813994
814003
814013
814203
814421
814778
814837
814934
814996
815028
815039
815353
815564
815736
815761
815778
815827
815828
815882
815927
815953
816062
816087
816114
816204
816361
816489
816490
816723
816817
816915
817095
817127
817205
817262
817320
817350
817428
817450
817468
817742
817912
817931
818486
818662
818827
818891
818932
818981
819009
819010
819122
819200
819279
819450
819507
819556
819640
819690
819799
819988
820121
820204
820380
820472
820554
820557
820700
820711
820734
820742
820882
821080
821115
821121
821237
821296
821297
821529
821564
821682
821726
821771
822010
822188
822207
822292
822338
822527
822600
822698
822742
822966
823326
823342
823355
823464
823479
823579
823642
823784
823796
823815
823828
823869
823912
824112
824252
824408
824448
824449
824628
824695
824789
825000
825103
825152
825393
825530
825544
825588
825633
825678
825835
825884
825945
825960
825974
825986
826358
826386
826387
826392
826407
826418
826527
826794
827178
827326
827342
827451
827672
827683
827813
827924
827933
827994
828171
828314
828902
828965
829156
829259
829311
829328
829376
829491
829539
829610
829678
829692
829762
829791
829792
829880
830020
830054
830126
830227
830365
830390
830447
830504
830600
830627
830630
830640
830777
830869
830885
830898
831056
831077
831143
831372
831517
831552
831588
831641
831765
831773
831913
831979
831994
832183
832364
832434
832746
832919
833137
833171
833188
833224
833470
833510
833634
833652
833745
833781
833813
833818
833983
833986
834035
834297
834365
834486
834499
834509
834531
834675
834915
835081
835093
835240
835325
835397
835728
835987
836239
836277
836323
836361
836421
836755
836827
836868
837215
837331
837359
837587
837612
837829
837832
837879
838058
838075
838165
838376
838421
838489
838549
838664
838731
838825
839119
839128
839262
839464
839511
839547
839674
839727
840240
840289
840413
840486
840738
840769
841146
841159
841439
842032
842037
842078
842092
842141
842360
842388
842480
842551
842655
842671
842683
842746
842755
842762
842806
842871
843011
843015
843037
843055
843062
843115
843298
843522
843561
843573
843592
843640
843738
843845
844049
844141
844157
844236
844241
844294
844334
844445
844548
844783
844992
845069
845161
845171
845249
845477
845651
845724
845825
845847
845862
845956
846054
846083
846300
846360
846457
846488
846702
846739
847047
847252
847368
847507
847705
847864
847901
848183
848230
848401
848606
848660
848742
848779
849024
849104
849181
849211
849251
849410
849561
849613
849792
849895
850018
850292
850391
850667
850708
850758
850793
850821
850849
851119
851183
851220
851237
851298
851400
851473
851477
851669
851704
851802
851806
851894
851909
852072
852217
852528
852562
852663
852802
853258
853269
853270
853285
853425
853482
853530
853658
853696
853719
853722
853723
854000
854024
854189
854330
854531
854556
854658
854730
854784
854805
854982
855050
855290
855571
855762
855928
856005
856034
856069
856116
856204
856215
856252
856262
856417
856475
856486
856533
856751
856756
856814
856939
857060
857223
857268
857281
857822
857845
858111
858116
858717
858917
859116
859298
859341
859406
859451
859463
859486
859546
859802
859924
859997
860078
860120
860202
860374
860423
860465
860537
860626
860683
860723
861126
861200
861293
861493
861752
861879
861883
861949
862011
862133
862206
862457
862492
862515
862561
862562
862564
862739
862754
862858
862902
862996
863047
863406
863422
863591
863647
863655
863696
863716
863898
863995
864233
864255
864270
864321
864398
864405
864406
864549
864753
864874
864933
865182
865393
865431
865491
866091
866215
866327
866340
866619
866747
866804
866838
866847
867069
867194
867240
867451
867854
867856
867860
867970
868289
868316
868368
868601
868971
869024
869041
869078
869090
869098
869440
869486
869585
869626
869705
869842
869858
869878
870032
870040
870061
870085
870133
870240
870322
870455
870472
870526
870752
870796
870969
870990
871129
871176
871224
871295
871423
871442
871470
871486
871576
871644
871708
871758
871762
871969
872056
872258
872269
872292
872305
872344
872633
872669
872834
872970
873154
873195
873211
873289
873290
873334
873364
873435
873832
873856
873911
873938
873974
874021
874030
874113
874133
874258
874260
874401
874431
874554
874562
874579
874701
874854
874864
874883
874960
875035
875136
875319
875499
875649
875677
875779
875969
875990
876054
876200
876235
876248
876497
876579
876608
876627
876832
876905
876982
877153
877229
877248
877365
877541
877752
877794
877839
877876
877993
878127
878256
878317
878333
878476
878484
878492
878522
878629
878666
878915
878949
879013
879030
879052
879061
879198
879281
879417
879468
879521
879754
879821
879871
880182
880193
880376
880461
880957
881034
881305
881369
881404
881429
881455
881724
881809
881835
881850
881937
881960
881980
882036
882041
882153
882390
882437
882476
882498
882717
883037
883121
883176
883231
883278
883535
883649
883659
883682
883715
883818
883822
884019
884024
884221
884295
884315
884377
884383
884386
884645
884676
884773
884798
884885
885025
885443
885477
885508
885544
885777
885811
885865
885976
885982
886021
886408
886420
886467
886485
886533
886614
886631
886635
886821
886890
886923
886963
887049
887129
887215
887227
887229
887307
887348
887391
887434
887454
887459
887538
887565
887572
887632
887774
887975
888024
888098
888187
888238
888302
888323
888406
888487
888646
888749
888982
889221
889342
889465
889590
889608
889697
889863
889910
889953
889980
889993
890054
890341
890364
890369
890389
890404
890520
890661
890688
890718
890820
890829
890860
891411
891425
891556
891737
891778
891938
892030
892130
892206
892278
892434
892479
892541
892751
893126
893298
893393
893472
893476
893485
893503
893521
894121
894154
894189
894580
894582
894636
894651
894810
894847
894906
895033
895090
895214
895279
895632
895688
895698
895703
896049
896103
896376
896405
896430
896439
896468
896667
896780
896826
896854
896922
897036
897131
897147
897160
897260
897326
897390
897408
897643
898102
898261
898262
898367
898547
898653
898745
898980
899050
899149
899169
899320
899335
899418
899485
899508
899585
899636
899965
900097
900250
900378
900464
900538
900552
900581
900613
900639
900644
900808
901084
901393
901480
901566
901650
901685
901717
901827
902036
902045
902063
902113
902119
902174
902423
902453
902554
902932
903022
903030
903105
903166
903302
903315
903358
903488
903665
903680
903767
903854
903863
903896
904103
904196
904274
904277
904304
904479
904691
904808
905001
905035
905480
905504
905558
905619
905873
905932
906104
906271
906468
906490
906591
906603
906652
906721
906780
907211
907366
907418
907480
907769
907876
908118
908548
908648
908778
908919
909011
909209
909368
909380
909548
909551
909601
909699
909744
909823
909834
909854
909862
910075
910077
910103
910111
910203
910208
910357
910426
910621
910807
910822
910861
910876
910882
910928
910981
910989
911027
911192
911327
911426
911485
911586
911776
911968
912007
912156
912248
912297
912553
912639
912645
912695
912738
912752
912911
913013
913189
913331
913394
913401
913759
913779
913790
913950
913966
913983
914066
914071
914129
914256
914383
914386
914642
914701
914864
914872
914955
914972
914980
915027
915080
915091
915133
915145
915479
915644
915847
915888
916016
916077
916100
916316
916358
916396
916482
916491
916635
916741
916774
916786
916789
917018
917059
917092
917154
917159
917166
917349
917490
917509
917516
917564
917817
917897
917927
917959
918038
918138
918151
918311
918668
918746
918810
918832
918954
918974
918987
919067
919108
919297
919384
919525
919659
919981
920423
920464
920467
920611
920660
920816
920840
921122
921125
921177
921299
921348
921523
921597
921615
921671
921680
921683
921785
921832
921870
921895
921927
922074
922316
922676
922686
922806
923078
923171
923332
923460
923588
923667
923701
923764
923912
923943
924204
924212
924314
924436
924440
924460
924490
924517
924522
924673
924733
924864
925014
925190
925269
925431
925436
925546
925590
925683
925751
925797
926005
926028
926125
926295
926395
926567
926672
926852
926964
927202
927358
927445
927500
927527
927642
927755
927851
927898
928050
928063
928263
928369
928386
928397
928416
928652
928686
928823
928863
928865
928894
928915
928944
929004
929074
929329
929351
929355
929452
929649
929786
929844
929952
930007
930123
930149
930271
930369
930377
930554
930557
930583
930593
930605
930672
930791
930895
930924
930974
931404
931413
931489
931586
931643
931695
931745
931788
931868
931887
931945
932145
932160
932347
932444
932460
932514
932732
932861
933076
933130
933426
933445
933869
933955
934081
934122
934178
934330
934466
934467
934502
934508
934620
934832
934845
935042
935113
935251
935362
935446
935576
935765
935785
935834
935874
935898
935923
936103
936330
936544
936564
936854
936929
937096
937200
937250
937310
937347
937365
937594
937702
937736
937781
937894
938053
938139
938196
938388
938398
938403
938488
938510
938540
938724
938741
938980
939041
939103
939280
939315
939419
939552
939936
940011
940056
940087
940250
940308
940336
940471
940528
940551
940578
940823
940873
941005
941017
941063
941123
941254
941261
941274
941327
941414
941451
941709
941792
941894
941955
942186
942310
942326
942394
942451
942568
942888
943033
943173
943241
943312
943359
943569
943655
943778
943847
943857
943878
943899
943934
944422
944426
944724
944737
944947
944949
945263
945535
945590
945606
945805
945872
946015
946312
946378
946441
946478
946660
946781
946911
946945
947333
947365
947462
947732
947775
947916
948138
948289
948336
948420
948486
948554
948577
948579
948581
948659
948696
948697
948701
948943
948971
948991
949038
949053
949125
949134
949152
949157
949225
949236
949243
949585
949674
949688
949840
949842
949924
949945
949991
950093
950272
950302
950408
950445
950458
950469
950482
950664
950727
950752
950897
951135
951168
951171
951258
951262
951324
951347
951408
951462
951487
951542
951579
951642
951734
951942
951986
952194
952277
952493
952553
952630
952632
952633
952906
953000
953019
953023
953165
953204
953270
953313
953424
953514
953610
953675
953692
953722
953874
954008
954056
954108
954228
954320
954331
954354
954461
954488
954619
954628
954662
954710
954778
954829
954858
954903
955146
955487
955520
955521
955581
955916
955991
955997
956044
956073
956095
956123
956274
956280
956338
956582
956907
957137
957395
957437
957679
957713
957727
957763
957774
958472
958693
958732
958752
958773
958875
958901
958952
959011
959136
959178
959180
959217
959237
959273
959328
959378
959982
960017
960038
960101
960204
960237
960241
960340
960386
960522
960573
960978
960985
961218
961486
961920
962137
962360
962444
962476
962567
962582
962618
962920
963018
963431
963553
963584
963588
963589
963708
963725
963757
963792
964035
964203
964332
964408
964421
964567
964745
965111
965170
965240
965308
965384
965471
966143
966237
966338
966358
966414
966432
966516
966561
966630
966659
966758
966814
966863
966875
967124
967158
967325
967340
967358
967532
967624
967707
967791
967849
967905
967988
968096
968134
968196
968211
968244
968258
968380
968744
968752
968845
968949
969281
969304
969453
969504
969519
969615
969702
969901
970036
970371
970593
970605
970638
970647
970689
970696
970810
970873
970875
970943
970967
970987
970989
971039
971062
971266
971362
971402
971435
971626
971674
971714
971807
972008
972242
972269
972325
972359
972429
972520
972531
972681
972731
972792
972921
972999
973036
973248
973261
973374
973463
973487
973686
973732
973746
974080
974173
974193
974316
974425
974448
974450
974558
974746
975200
975292
975356
975403
975538
975652
975653
975829
975840
975867
975915
975918
976044
976081
976109
976260
976317
976690
976745
976788
976875
977232
977536
977922
977960
977979
978038
978128
978159
978161
978468
978581
978688
978811
979021
979247
979273
979278
979335
979367
979379
979461
979865
980019
980116
980337
980500
980702
980729
980806
980976
981034
981056
981114
981120
981346
981417
981516
981601
981606
981607
981619
981659
981781
981796
981924
982069
982154
982158
982195
982306
982416
982522
982583
982654
983093
983149
983347
983367
983414
983436
983484
983647
983669
983761
983804
983827
984196
984199
984220
984246
984340
984423
984461
984542
984603
984710
984748
984907
984910
984924
985201
985218
985387
985415
985616
985932
985937
986342
986360
986531
986641
986762
986898
987066
987111
987150
987916
987945
988035
988088
988089
988245
988335
988341
988423
988430
988482
988556
988561
988566
988647
988707
988957
989011
989033
989168
989184
989279
989296
989660
989696
989879
989914
989929
990041
990232
990274
990285
990396
990550
990742
990993
991141
991143
991157
991271
991442
991456
991508
991601
991643
991690
991856
991860
991876
991924
991960
992022
992035
992040
992193
992452
992614
993028
993039
993246
993762
993795
993859
993881
994060
994371
994505
994576
994787
994792
994944
995004
995037
995101
995260
995412
995522
995698
995785
995853
995949
995951
996065
996372
996388
996483
996721
996763
996959
996990
997078
997115
997219
997320
997431
997535
997683
997747
997801
998008
998225
998344
998351
998374
998381
998453
998467
998742
998838
999018
999410
999533
999610
999612
999666
999741
999756
999831
999926
999967
999978
999996
