265 378
67 335
449 334
3 326
272 407
464 369
380 299
165 18
71 2
423 316
163 418
49 417
6 481
448 101
156 465
108 245
360 50
411 170
214 42
90 339
332 444
301 254
470 223
385 319
130 488
307 102
280 99
134 484
267 448
132 163
461 191
368 92
463 230
198 213
361 89
266 244
426 436
401 65
207 404
155 422
98 100
34 485
462 13
454 302
273 287
166 358
252 97
113 140
52 366
439 250
58 449
190 305
438 416
12 347
458 177
91 377
496 105
467 197
257 232
17 12
140 66
44 265
79 315
225 200
394 451
234 435
285 45
200 155
466 82
240 359
147 24
480 5
250 74
136 361
473 253
14 35
381 114
248 491
63 469
430 19
369 291
291 55
118 260
408 397
37 255
25 308
255 96
137 496
104 227
351 477
28 439
145 122
387 31
277 60
445 475
270 341
278 134
29 149
309 269
433 54
