5
35
42
46
74
87
91
94
95
103
118
120
122
146
148
155
172
188
211
221
235
239
243
259
272
278
290
291
296
305
315
347
349
362
368
380
381
398
403
412
415
418
419
424
426
439
447
458
471
484
486
490
512
523
524
525
526
530
554
561
596
601
603
636
643
647
656
666
671
673
678
699
706
720
724
728
731
744
772
787
792
795
806
807
809
836
838
839
842
849
874
888
906
918
924
927
934
950
953
959
963
966
984
1000
1006
1023
1025
1041
1053
1058
1060
1078
1084
1085
1114
1118
1154
1157
1160
1166
1171
1180
1184
1189
1192
1193
1211
1216
1222
1227
1236
1248
1257
1259
1261
1267
1278
1282
1284
1293
1306
1307
1313
1314
1318
1332
1333
1334
1339
1353
1360
1378
1379
1380
1397
1419
1424
1444
1487
1507
1510
1538
1553
1563
1573
1575
1597
1601
1634
1638
1641
1653
1657
1673
1688
1696
1698
1704
1723
1730
1733
1771
1780
1814
1839
1859
1862
1868
1870
1872
1880
1893
1894
1901
1906
1913
1942
1946
1987
1989
1993
2022
2028
2032
2047
2055
2069
2075
2086
2121
2128
2141
2148
2160
2171
2176
2180
2189
2193
2197
2228
2244
2273
2289
2293
2312
2318
2340
2345
2348
2356
2380
2385
2399
2400
2411
2416
2454
2456
2471
2484
2490
2499
2502
2505
2523
2530
2537
2542
2547
2559
2562
2579
2604
2606
2607
2651
2670
2672
2698
2703
2710
2716
2719
2726
2730
2741
2759
2769
2771
2783
2785
2804
2805
2811
2815
2841
2844
2845
2891
2897
2908
2920
2924
2926
2946
2957
2982
2984
2986
2989
3009
3022
3034
3037
3045
3052
3055
3057
3065
3069
3070
3073
3076
3079
3106
3107
3114
3116
3138
3157
3159
3165
3179
3181
3198
3206
3231
3240
3242
3261
3262
3268
3301
3308
3310
3312
3337
3338
3353
3355
3357
3393
3442
3448
3450
3452
3455
3459
3483
3502
3504
3509
3510
3512
3517
3532
3535
3536
3545
3546
3555
3557
3562
3567
3591
3601
3609
3613
3617
3620
3636
3639
3657
3676
3689
3704
3714
3719
3724
3752
3753
3762
3775
3783
3795
3819
3834
3874
3908
3927
3930
3933
3941
3942
3960
3969
3970
3982
3988
4010
4016
4030
4039
4050
4109
4119
4120
4130
4154
4172
4176
4191
4205
4229
4245
4283
4284
4305
4316
4343
4361
4371
4376
4402
4404
4410
4413
4417
4437
4443
4456
4466
4467
4472
4476
4480
4501
4504
4508
4525
4542
4568
4570
4596
4606
4625
4636
4646
4663
4692
4698
4707
4738
4739
4751
4763
4768
4788
4795
4806
4808
4870
4894
4905
4953
4961
4971
4978
4987
4989
5015
5018
5029
5041
5048
5056
5067
5071
5076
5084
5109
5113
5114
5121
5123
5130
5132
5153
5165
5198
5199
5200
5216
5218
5227
5228
5234
5241
5246
5259
5260
5279
5280
5326
5330
5333
5344
5349
5365
5371
5376
5382
5383
5402
5408
5409
5433
5440
5446
5454
5470
5471
5472
5473
5474
5477
5496
5497
5510
5516
5542
5556
5581
5589
5595
5630
5633
5646
5649
5656
5660
5665
5675
5689
5691
5702
5717
5723
5741
5743
5746
5747
5753
5759
5761
5765
5774
5776
5790
5797
5804
5818
5821
5824
5830
5844
5845
5852
5854
5857
5888
5894
5920
5926
5931
5935
5942
5943
5954
5962
5963
5971
5974
5990
5994
6003
6015
6017
6019
6022
6025
6037
6039
6057
6065
6073
6080
6089
6091
6096
6108
6111
6114
6127
6133
6134
6141
6143
6146
6151
6152
6189
6209
6249
6257
6258
6260
6263
6264
6311
6319
6336
6340
6371
6376
6404
6409
6426
6453
6458
6475
6478
6492
6506
6517
6518
6519
6520
6530
6533
6556
6566
6579
6580
6594
6604
6608
6617
6620
6622
6635
6646
6676
6677
6687
6697
6712
6723
6749
6759
6763
6765
6773
6783
6806
6808
6866
6870
6879
6885
6886
6888
6894
6903
6920
6923
6930
6932
6935
6941
6954
6960
6962
6970
6976
6979
6991
6994
7015
7023
7035
7073
7075
7090
7111
7115
7120
7135
7146
7148
7174
7178
7195
7210
7211
7220
7221
7230
7232
7233
7248
7253
7287
7288
7290
7295
7298
7301
7317
7320
7338
7370
7379
7388
7390
7399
7403
7427
7436
7438
7440
7469
7479
7481
7482
7486
7512
7518
7528
7551
7552
7554
7557
7560
7571
7575
7582
7584
7600
7601
7605
7607
7609
7613
7619
7622
7631
7655
7668
7670
7685
7698
7727
7728
7748
7754
7781
7784
7786
7794
7799
7804
7806
7807
7816
7827
7828
7859
7875
7877
7904
7907
7910
7911
7926
7976
8015
8037
8072
8074
8079
8112
8116
8143
8162
8174
8181
8194
8200
8203
8226
8231
8249
8270
8273
8292
8303
8315
8326
8341
8347
8357
8365
8372
8375
8376
8381
8383
8384
8392
8394
8404
8414
8425
8433
8476
8497
8507
8521
8524
8544
8548
8555
8557
8559
8561
8586
8605
8609
8610
8627
8628
8635
8647
8661
8665
8682
8687
8703
8710
8723
8743
8744
8748
8794
8805
8806
8809
8810
8811
8812
8841
8843
8844
8862
8873
8889
8895
8898
8904
8909
8935
8938
8955
8966
8970
9000
9007
9040
9041
9042
9054
9055
9063
9086
9115
9118
9120
9123
9127
9131
9137
9139
9144
9153
9177
9182
9188
9205
9211
9224
9242
9244
9253
9257
9263
9266
9271
9286
9324
9330
9362
9365
9366
9368
9384
9386
9394
9401
9403
9406
9417
9419
9449
9455
9456
9460
9467
9468
9483
9486
9508
9517
9525
9526
9529
9533
9535
9542
9546
9573
9585
9607
9610
9617
9620
9625
9630
9643
9648
9652
9664
9677
9683
9696
9697
9707
9708
9728
9735
9743
9747
9752
9758
9769
9776
9778
9802
9818
9820
9822
9825
9833
9866
9889
9911
9923
9925
9935
9936
9948
9954
9984
9996
10011
10016
10021
10022
10055
10076
10084
10091
10111
10144
10153
10187
10189
10193
10212
10220
10226
10227
10234
10237
10245
10254
10256
10259
10260
10262
10275
10278
10279
10313
10319
10324
10325
10332
10333
10343
10357
10363
10379
10389
10399
10407
10409
10419
10447
10448
10450
10456
10457
10473
10476
10485
10503
10505
10507
10519
10520
10526
10535
10546
10549
10566
10573
10581
10584
10594
10613
10620
10621
10630
10632
10648
10666
10667
10668
10670
10672
10680
10702
10706
10709
10712
10715
10722
10764
10769
10807
10833
10851
10861
10864
10874
10887
10893
10909
10912
10913
10920
10937
10943
10954
10956
10961
10967
10970
10977
10980
10995
11001
11009
11011
11017
11050
11065
11067
11093
11115
11116
11117
11120
11130
11132
11136
11148
11150
11155
11181
11200
11221
11247
11268
11272
11275
11281
11288
11344
11350
11364
11366
11372
11377
11388
11396
11408
11409
11410
11412
11424
11445
11467
11469
11470
11481
11482
11499
11508
11536
11552
11554
11566
11595
11600
11606
11618
11621
11623
11625
11628
11630
11651
11657
11670
11676
11687
11689
11693
11694
11696
11699
11722
11732
11733
11748
11752
11760
11765
11767
11768
11807
11810
11817
11843
11846
11859
11879
11887
11906
11907
11914
11930
11936
11951
11961
11973
11979
11981
11982
11998
12017
12035
12048
12053
12061
12069
12078
12085
12096
12098
12099
12105
12106
12115
12117
12142
12185
12193
12202
12203
12205
12206
12223
12233
12246
12247
12250
12252
12253
12284
12298
12329
12356
12368
12385
12391
12395
12408
12415
12427
12431
12440
12452
12464
12465
12470
12499
12527
12529
12545
12566
12580
12583
12589
12592
12598
12600
12604
12611
12613
12620
12642
12649
12652
12662
12669
12683
12700
12723
12735
12736
12742
12749
12751
12758
12767
12768
12773
12787
12795
12808
12812
12818
12820
12840
12846
12851
12857
12858
12876
12895
12900
12909
12911
12913
12916
12920
12963
12966
12969
12998
13001
13009
13020
13022
13028
13031
13040
13045
13047
13053
13064
13065
13096
13105
13119
13122
13128
13135
13141
13148
13153
13171
13179
13182
13183
13210
13217
13225
13241
13252
13259
13265
13277
13305
13310
13327
13337
13344
13345
13353
13363
13380
13400
13406
13408
13410
13411
13412
13414
13462
13467
13468
13469
13474
13503
13504
13513
13515
13529
13533
13555
13560
13565
13578
13582
13589
13595
13612
13628
13630
13631
13632
13639
13659
13674
13675
13677
13681
13695
13696
13704
13707
13714
13725
13762
13763
13776
13803
13812
13818
13820
13836
13842
13854
13869
13874
13894
13921
13924
13935
13946
13954
13955
13956
13957
13969
13972
13974
13995
13996
13997
13998
14001
14016
14022
14023
14041
14044
14048
14049
14051
14056
14061
14065
14069
14075
14091
14092
14095
14108
14110
14111
14112
14124
14126
14137
14140
14160
14173
14174
14175
14177
14182
14192
14208
14216
14224
14231
14256
14263
14274
14277
14280
14294
14298
14302
14332
14337
14341
14363
14367
14378
14386
14412
14423
14446
14447
14452
14453
14486
14504
14509
14515
14519
14554
14555
14568
14572
14587
14603
14613
14616
14618
14626
14628
14629
14647
14661
14667
14681
14683
14688
14721
14724
14725
14733
14736
14737
14742
14745
14788
14799
14809
14814
14818
14821
14848
14862
14864
14865
14874
14880
14881
14908
14914
14922
14927
14930
14934
14941
14942
14949
14952
14956
14971
14976
14980
14995
15002
15011
15016
15027
15034
15045
15046
15055
15056
15063
15064
15068
15072
15085
15093
15100
15135
15145
15146
15183
15198
15212
15214
15231
15243
15245
15249
15250
15252
15271
15288
15290
15294
15306
15312
15330
15331
15337
15339
15347
15348
15375
15392
15395
15396
15428
15429
15433
15434
15465
15473
15477
15482
15488
15506
15519
15527
15529
15544
15553
15560
15572
15574
15579
15580
15581
15583
15592
15593
15613
15626
15630
15643
15644
15668
15671
15709
15710
15725
15732
15748
15757
15764
15774
15776
15782
15799
15805
15812
15813
15814
15820
15825
15852
15872
15875
15876
15878
15880
15881
15884
15900
15905
15909
15910
15915
15926
15935
15936
15968
15972
15983
15992
16010
16029
16044
16058
16070
16080
16103
16112
16115
16120
16124
16125
16134
16148
16153
16160
16194
16197
16204
16205
16207
16234
16244
16248
16258
16270
16279
16287
16298
16301
16304
16343
16365
16370
16371
16383
16384
16388
16390
16408
16411
16419
16421
16435
16443
16460
16476
16477
16479
16482
16498
16501
16503
16517
16521
16523
16524
16562
16584
16598
16611
16623
16630
16633
16639
16651
16688
16694
16696
16703
16707
16713
16718
16720
16722
16725
16732
16743
16754
16761
16776
16788
16790
16795
16796
16804
16876
16883
16887
16890
16894
16913
16915
16933
16941
16960
16961
16981
16984
16993
17023
17033
17046
17056
17073
17084
17087
17088
17097
17105
17106
17108
17112
17124
17143
17153
17157
17165
17168
17199
17214
17233
17252
17253
17254
17270
17271
17296
17300
17306
17315
17318
17332
17341
17351
17356
17362
17373
17385
17386
17413
17421
17425
17433
17449
17458
17473
17475
17493
17504
17507
17515
17544
17571
17572
17573
17595
17596
17597
17599
17602
17605
17637
17638
17649
17652
17656
17657
17661
17662
17676
17679
17683
17697
17699
17715
17718
17727
17736
17765
17768
17786
17809
17813
17818
17823
17825
17833
17835
17842
17843
17853
17855
17865
17896
17897
17911
17912
17923
17931
17938
17966
17969
17981
18005
18010
18024
18028
18039
18051
18059
18063
18064
18065
18098
18113
18119
18120
18141
18157
18159
18162
18177
18182
18183
18200
18201
18205
18221
18229
18248
18260
18272
18284
18297
18300
18310
18313
18338
18341
18343
18344
18347
18352
18370
18379
18381
18393
18404
18408
18417
18421
18425
18450
18467
18521
18541
18589
18605
18625
18626
18633
18645
18651
18673
18676
18703
18704
18749
18751
18776
18780
18786
18790
18795
18807
18814
18818
18828
18845
18846
18851
18855
18858
18878
18921
18931
18967
18994
19010
19013
19026
19037
19038
19044
19048
19058
19067
19115
19127
19133
19134
19135
19136
19141
19142
19147
19201
19202
19214
19228
19235
19237
19240
19241
19270
19272
19296
19298
19300
19313
19316
19335
19364
19371
19374
19375
19390
19394
19395
19399
19403
19404
19407
19413
19425
19434
19445
19464
19467
19474
19484
19488
19490
19494
19496
19512
19536
19544
19554
19570
19576
19592
19593
19595
19601
19608
19618
19624
19638
19643
19644
19649
19668
19669
19688
19698
19701
19702
19706
19717
19730
19740
19744
19751
19755
19759
19769
19781
19817
19829
19832
19867
19888
19920
19953
19955
19967
19975
19994
19996
20001
20008
20010
20024
20025
20027
20028
20029
20032
20052
20055
20060
20063
20070
20071
20086
20101
20102
20115
20121
20131
20138
20141
20144
20167
20181
20204
20212
20214
20219
20221
20230
20244
20257
20258
20279
20285
20289
20290
20293
20308
20312
20316
20321
20339
20350
20356
20369
20384
20414
20419
20451
20453
20463
20473
20484
20497
20501
20525
20538
20545
20548
20566
20574
20575
20582
20603
20606
20612
20644
20645
20652
20667
20670
20671
20681
20696
20717
20726
20743
20769
20774
20802
20818
20824
20854
20872
20887
20904
20920
20942
20959
20970
20973
20975
20977
20979
21003
21021
21029
21030
21066
21078
21087
21091
21120
21129
21147
21178
21179
21181
21190
21195
21198
21211
21212
21233
21234
21238
21270
21283
21286
21289
21297
21305
21315
21329
21331
21333
21346
21388
21389
21397
21424
21426
21478
21501
21507
21515
21530
21534
21538
21545
21547
21552
21559
21561
21563
21568
21569
21578
21581
21585
21602
21604
21606
21627
21647
21667
21680
21681
21683
21686
21688
21690
21694
21713
21718
21720
21723
21731
21737
21742
21744
21750
21751
21754
21758
21763
21765
21772
21776
21781
21798
21825
21826
21832
21850
21892
21897
21899
21912
21915
21917
21925
21940
21948
21957
21959
21967
22011
22022
22023
22035
22040
22043
22047
22080
22082
22097
22107
22109
22110
22112
22114
22129
22138
22141
22145
22175
22178
22185
22204
22208
22219
22223
22263
22270
22274
22280
22290
22293
22296
22314
22316
22328
22335
22349
22350
22355
22372
22373
22377
22379
22384
22391
22401
22406
22409
22448
22462
22484
22490
22494
22496
22501
22503
22508
22512
22513
22514
22532
22539
22548
22551
22576
22577
22584
22585
22596
22603
22642
22652
22679
22695
22696
22709
22713
22714
22727
22732
22739
22742
22744
22758
22760
22763
22770
22780
22781
22786
22806
22808
22813
22814
22829
22837
22838
22864
22878
22880
22892
22916
22918
22921
22928
22930
22940
22943
22949
22971
22983
22991
22994
22995
23002
23009
23037
23039
23049
23052
23057
23073
23079
23080
23082
23084
23087
23089
23100
23107
23114
23117
23131
23137
23140
23169
23173
23180
23182
23189
23203
23226
23231
23236
23261
23272
23277
23283
23296
23315
23355
23369
23387
23402
23407
23414
23430
23450
23454
23457
23476
23484
23489
23505
23508
23522
23543
23545
23556
23566
23567
23568
23571
23579
23608
23629
23646
23661
23665
23671
23680
23681
23684
23697
23717
23720
23721
23723
23724
23744
23746
23751
23752
23755
23782
23802
23816
23832
23844
23848
23855
23868
23869
23879
23888
23891
23894
23897
23901
23915
23921
23928
23938
23950
23951
23960
23963
23985
23990
23995
24005
24007
24017
24028
24039
24042
24043
24059
24060
24063
24068
24070
24075
24110
24115
24126
24131
24132
24134
24144
24145
24168
24173
24176
24179
24190
24226
24229
24236
24258
24269
24278
24281
24288
24305
24314
24324
24343
24367
24369
24375
24377
24379
24385
24394
24398
24408
24412
24421
24443
24445
24454
24462
24476
24520
24537
24538
24545
24547
24552
24554
24558
24568
24576
24578
24589
24647
24654
24672
24684
24696
24706
24715
24717
24718
24729
24742
24746
24755
24757
24780
24787
24792
24797
24800
24802
24811
24836
24842
24849
24878
24890
24895
24923
24927
24932
24944
24954
24962
24991
24997
25002
25008
25011
25013
25037
25038
25047
25056
25061
25084
25091
25098
25124
25133
25152
25153
25158
25165
25183
25185
25187
25198
25200
25204
25218
25224
25244
25259
25260
25278
25281
25297
25300
25302
25304
25323
25324
25325
25333
25336
25337
25338
25348
25356
25385
25394
25397
25409
25410
25411
25413
25422
25441
25458
25459
25466
25469
25476
25481
25492
25503
25512
25537
25541
25542
25556
25562
25568
25569
25572
25641
25649
25655
25656
25658
25673
25690
25714
25727
25737
25741
25746
25749
25761
25767
25770
25787
25792
25795
25799
25818
25821
25843
25844
25849
25852
25859
25861
25862
25874
25889
25898
25900
25916
25970
25971
25976
25984
25987
25995
25999
26000
26001
26003
26005
26018
26024
26031
26034
26054
26061
26064
26065
26092
26103
26114
26115
26173
26186
26191
26212
26216
26218
26221
26225
26226
26255
26259
26261
26274
26284
26290
26298
26339
26355
26358
26372
26383
26386
26392
26398
26409
26418
26422
26427
26431
26434
26439
26445
26464
26481
26489
26504
26520
26523
26531
26534
26537
26546
26557
26573
26575
26590
26607
26615
26619
26631
26654
26661
26674
26689
26702
26703
26725
26742
26749
26751
26764
26777
26784
26799
26817
26828
26857
26860
26882
26890
26899
26905
26933
26962
26970
26971
27013
27017
27025
27051
27053
27063
27069
27072
27113
27117
27130
27153
27154
27162
27167
27168
27193
27221
27222
27258
27265
27267
27278
27284
27298
27316
27325
27331
27355
27360
27369
27376
27388
27404
27407
27417
27422
27428
27435
27446
27450
27452
27469
27477
27487
27496
27506
27507
27511
27523
27529
27533
27538
27546
27550
27562
27569
27596
27598
27613
27614
27632
27653
27654
27660
27672
27684
27685
27687
27694
27698
27709
27711
27722
27729
27732
27745
27761
27763
27764
27770
27776
27782
27787
27792
27803
27809
27817
27835
27865
27866
27881
27913
27916
27919
27923
27934
27939
27943
27954
27972
27979
28008
28050
28052
28054
28082
28123
28126
28129
28133
28137
28138
28148
28156
28177
28188
28190
28192
28193
28196
28204
28215
28220
28221
28243
28259
28262
28263
28268
28285
28286
28318
28324
28326
28330
28353
28357
28360
28381
28384
28389
28392
28404
28412
28418
28468
28472
28473
28478
28488
28495
28506
28514
28515
28527
28554
28559
28567
28577
28579
28612
28625
28633
28635
28637
28638
28642
28660
28665
28686
28709
28711
28740
28750
28751
28754
28763
28779
28810
28815
28816
28824
28830
28844
28851
28890
28899
28913
28915
28927
28939
28962
28965
28985
28989
28999
29001
29004
29011
29012
29018
29024
29095
29097
29113
29119
29122
29141
29163
29184
29193
29194
29203
29215
29216
29224
29228
29231
29240
29246
29251
29255
29274
29277
29294
29313
29357
29359
29360
29386
29418
29435
29451
29454
29494
29498
29516
29519
29522
29526
29541
29565
29586
29587
29594
29612
29614
29615
29618
29627
29628
29648
29682
29684
29690
29702
29717
29720
29726
29734
29735
29749
29768
29778
29786
29796
29812
29821
29828
29852
29886
29887
29897
29902
29909
29929
29961
29977
29991
30001
30015
30017
30035
30042
30048
30059
30078
30083
30084
30099
30105
30112
30120
30121
30123
30128
30133
30138
30163
30177
30190
30192
30208
30209
30210
30211
30225
30227
30230
30238
30242
30260
30264
30279
30292
30301
30312
30324
30325
30328
30332
30358
30373
30382
30385
30387
30394
30404
30420
30441
30454
30456
30459
30504
30513
30522
30524
30525
30526
30532
30538
30569
30571
30576
30578
30598
30618
30632
30654
30656
30667
30670
30672
30694
30731
30744
30748
30749
30752
30768
30779
30782
30794
30807
30847
30858
30866
30908
30912
30920
30926
30932
30939
30941
30963
30976
30979
30982
30983
30985
30986
30990
31012
31050
31053
31060
31067
31080
31084
31090
31096
31118
31122
31127
31128
31137
31141
31153
31155
31157
31168
31193
31211
31233
31243
31244
31245
31252
31259
31262
31263
31275
31282
31289
31295
31298
31304
31320
31334
31346
31378
31379
31387
31394
31395
31420
31430
31438
31455
31458
31459
31465
31469
31471
31474
31495
31511
31522
31549
31553
31574
31582
31589
31601
31606
31628
31647
31663
31665
31692
31703
31717
31723
31724
31727
31744
31753
31754
31772
31784
31794
31795
31800
31809
31812
31838
31859
31861
31869
31870
31874
31887
31895
31916
31929
31930
31939
31941
31948
31953
31955
31959
31991
31999
32000
32002
32011
32034
32048
32052
32063
32067
32084
32106
32113
32119
32125
32127
32128
32132
32134
32142
32145
32147
32173
32183
32202
32204
32216
32217
32220
32222
32231
32252
32271
32286
32288
32290
32296
32305
32315
32344
32350
32356
32368
32372
32400
32406
32426
32441
32454
32461
32473
32484
32487
32523
32532
32537
32538
32541
32558
32574
32582
32600
32619
32633
32634
32642
32643
32654
32657
32683
32688
32699
32715
32719
32726
32739
32747
32751
32771
32779
32785
32787
32791
32799
32809
32810
32818
32835
32836
32848
32852
32853
32855
32863
32864
32872
32875
32879
32894
32898
32899
32933
32957
32981
33002
33019
33039
33051
33077
33087
33089
33105
33122
33132
33142
33145
33166
33170
33172
33176
33214
33215
33227
33233
33237
33243
33244
33246
33265
33270
33280
33299
33304
33320
33329
33330
33335
33347
33366
33381
33385
33387
33396
33404
33407
33408
33409
33417
33429
33434
33440
33446
33462
33465
33473
33494
33495
33520
33533
33541
33546
33551
33555
33557
33564
33565
33568
33571
33573
33577
33601
33639
33684
33688
33698
33704
33710
33718
33744
33750
33768
33775
33792
33798
33811
33812
33836
33840
33850
33861
33880
33885
33886
33890
33891
33896
33908
33930
33934
33937
33953
33956
33976
33984
34013
34023
34038
34039
34042
34057
34062
34075
34099
34109
34148
34194
34202
34223
34224
34233
34235
34258
34283
34313
34319
34335
34374
34375
34381
34391
34410
34452
34453
34463
34468
34471
34481
34484
34486
34496
34504
34512
34525
34554
34561
34565
34570
34572
34576
34577
34595
34603
34623
34666
34675
34692
34696
34704
34721
34726
34731
34734
34760
34765
34769
34772
34805
34811
34838
34851
34855
34863
34886
34889
34903
34930
34931
34937
34944
34948
34962
34971
34980
34981
35012
35016
35023
35033
35048
35052
35056
35057
35065
35074
35082
35084
35085
35094
35096
35098
35106
35110
35128
35138
35143
35165
35169
35173
35190
35191
35196
35205
35257
35276
35278
35287
35292
35298
35302
35308
35334
35337
35339
35341
35354
35363
35365
35371
35379
35387
35388
35392
35403
35406
35410
35412
35421
35438
35441
35462
35470
35476
35479
35488
35500
35513
35516
35535
35561
35565
35579
35585
35589
35610
35611
35615
35617
35627
35628
35656
35696
35697
35700
35722
35723
35726
35728
35730
35731
35741
35771
35784
35787
35802
35809
35833
35834
35864
35871
35872
35882
35886
35895
35911
35927
35947
35956
35967
35976
35985
35987
36008
36024
36037
36049
36061
36065
36085
36088
36092
36103
36116
36118
36125
36154
36163
36167
36172
36175
36182
36183
36200
36202
36213
36225
36230
36267
36271
36301
36315
36319
36329
36344
36370
36374
36387
36394
36401
36424
36435
36442
36447
36449
36472
36474
36477
36501
36530
36556
36562
36578
36580
36589
36599
36624
36662
36665
36667
36671
36679
36680
36688
36697
36708
36721
36722
36727
36728
36737
36742
36748
36755
36761
36768
36770
36779
36791
36844
36851
36855
36861
36869
36874
36892
36896
36915
36934
36937
36939
36940
36943
36945
36946
36956
36984
37002
37008
37026
37027
37028
37041
37044
37046
37047
37051
37053
37067
37077
37081
37094
37098
37103
37106
37127
37136
37138
37144
37159
37181
37214
37216
37221
37255
37265
37275
37276
37282
37283
37286
37292
37303
37304
37306
37313
37347
37360
37363
37411
37424
37426
37427
37436
37437
37441
37459
37466
37474
37484
37507
37512
37516
37517
37520
37535
37542
37562
37567
37570
37585
37586
37596
37599
37621
37624
37632
37651
37655
37663
37666
37683
37689
37697
37706
37731
37745
37764
37783
37789
37814
37836
37837
37841
37859
37879
37891
37908
37958
37971
37978
37979
37997
38013
38014
38025
38035
38039
38048
38056
38079
38087
38090
38097
38103
38104
38108
38123
38128
38131
38132
38134
38148
38156
38172
38177
38180
38185
38187
38216
38224
38245
38256
38284
38290
38291
38292
38297
38334
38351
38365
38366
38368
38395
38398
38421
38426
38444
38451
38472
38475
38490
38493
38504
38512
38524
38532
38536
38537
38540
38543
38549
38584
38609
38629
38659
38672
38681
38690
38692
38698
38700
38709
38710
38712
38717
38720
38724
38726
38733
38737
38740
38742
38754
38776
38778
38783
38811
38821
38831
38840
38845
38847
38881
38887
38936
38939
38955
38956
38970
39001
39014
39015
39019
39055
39063
39102
39113
39124
39125
39142
39147
39160
39163
39164
39203
39217
39218
39228
39250
39262
39271
39272
39274
39276
39304
39331
39335
39342
39349
39351
39354
39391
39419
39433
39435
39443
39486
39507
39510
39511
39512
39514
39515
39544
39573
39585
39605
39606
39623
39646
39649
39663
39675
39703
39710
39717
39726
39740
39742
39764
39766
39770
39772
39798
39806
39814
39822
39825
39832
39835
39836
39853
39856
39860
39862
39864
39877
39901
39908
39909
39913
39914
39919
39924
39931
39934
39936
39937
39943
39958
39986
39988
40001
40004
40013
40022
40031
40034
40036
40040
40069
40084
40090
40092
40106
40108
40132
40136
40157
40164
40175
40196
40208
40215
40216
40221
40229
40230
40249
40272
40274
40277
40292
40326
40330
40332
40335
40340
40343
40350
40352
40356
40372
40374
40384
40411
40421
40426
40445
40456
40460
40478
40503
40521
40522
40523
40536
40541
40545
40554
40562
40568
40574
40590
40595
40598
40615
40624
40635
40653
40658
40677
40697
40699
40718
40749
40750
40769
40776
40800
40801
40805
40823
40827
40833
40837
40849
40869
40870
40876
40881
40882
40888
40909
40929
40930
40936
40947
40949
40957
40962
40965
40975
40976
40977
41009
41032
41034
41043
41044
41061
41069
41107
41118
41129
41134
41145
41156
41157
41163
41171
41175
41185
41208
41214
41215
41216
41242
41254
41309
41310
41326
41337
41338
41339
41341
41346
41349
41380
41388
41392
41395
41405
41427
41436
41441
41451
41491
41497
41512
41526
41549
41552
41556
41574
41587
41600
41606
41620
41624
41658
41662
41670
41727
41728
41732
41749
41760
41761
41772
41773
41809
41836
41848
41850
41854
41856
41888
41890
41893
41899
41903
41905
41932
41943
41952
41964
41968
42001
42005
42008
42009
42020
42031
42039
42050
42057
42067
42073
42094
42097
42112
42115
42123
42127
42134
42145
42147
42148
42160
42162
42168
42178
42187
42198
42199
42212
42215
42237
42240
42254
42257
42275
42279
42286
42297
42305
42315
42319
42340
42345
42355
42367
42373
42376
42379
42381
42394
42401
42402
42414
42426
42427
42450
42452
42455
42464
42476
42481
42491
42494
42496
42497
42518
42557
42567
42578
42607
42633
42636
42662
42672
42680
42685
42686
42687
42692
42697
42698
42703
42705
42718
42734
42744
42765
42775
42781
42791
42796
42804
42811
42837
42847
42873
42884
42899
42904
42927
42928
42936
42938
42941
42958
42964
42967
42971
43010
43017
43039
43059
43066
43069
43082
43089
43092
43093
43100
43103
43114
43125
43130
43165
43175
43181
43187
43200
43208
43220
43223
43229
43234
43245
43246
43265
43280
43293
43312
43318
43332
43349
43357
43363
43365
43367
43371
43382
43383
43404
43412
43413
43415
43425
43439
43467
43483
43486
43499
43515
43520
43522
43523
43547
43553
43569
43570
43582
43612
43624
43639
43654
43665
43672
43674
43676
43683
43696
43710
43739
43747
43753
43766
43773
43774
43788
43789
43790
43802
43811
43830
43847
43848
43855
43891
43892
43903
43918
43924
43943
43949
43956
43967
43975
43978
43980
43982
44021
44034
44036
44042
44071
44077
44086
44090
44093
44104
44105
44106
44107
44118
44119
44126
44127
44130
44134
44135
44168
44175
44185
44195
44198
44200
44205
44217
44223
44234
44235
44237
44245
44250
44265
44279
44280
44289
44301
44323
44335
44337
44340
44341
44354
44360
44364
44366
44379
44396
44414
44419
44445
44446
44450
44452
44453
44456
44465
44478
44484
44488
44503
44509
44523
44524
44531
44535
44536
44537
44542
44559
44563
44576
44577
44591
44602
44606
44614
44624
44626
44653
44654
44656
44672
44681
44684
44695
44704
44716
44721
44727
44729
44739
44751
44760
44764
44809
44820
44825
44838
44841
44842
44843
44850
44876
44916
44920
44922
44927
44929
44948
44952
44953
44956
44978
44994
45012
45039
45042
45043
45087
45093
45128
45143
45147
45149
45157
45160
45180
45183
45184
45188
45192
45199
45204
45211
45215
45255
45269
45272
45273
45276
45278
45281
45283
45327
45338
45339
45346
45363
45370
45378
45384
45399
45413
45429
45434
45447
45469
45476
45516
45525
45533
45540
45545
45553
45560
45568
45570
45575
45587
45591
45599
45608
45612
45613
45643
45644
45654
45667
45668
45672
45706
45723
45742
45751
45757
45760
45764
45775
45779
45780
45788
45807
45811
45812
45818
45819
45825
45839
45849
45865
45879
45894
45896
45905
45906
45932
45933
45939
45943
45948
45963
45965
45998
46000
46009
46012
46017
46031
46033
46038
46047
46056
46060
46072
46082
46085
46108
46111
46113
46122
46160
46196
46199
46214
46226
46239
46245
46250
46259
46263
46268
46271
46274
46275
46278
46292
46316
46319
46323
46335
46336
46347
46370
46373
46380
46384
46411
46420
46428
46434
46435
46438
46487
46489
46498
46556
46557
46566
46593
46631
46632
46633
46635
46637
46652
46658
46665
46679
46680
46687
46694
46700
46707
46711
46718
46724
46729
46745
46774
46777
46784
46785
46796
46797
46808
46828
46831
46842
46849
46862
46865
46893
46897
46900
46910
46920
46941
46948
46966
46980
46981
46987
46993
46996
46999
47022
47030
47033
47043
47085
47101
47137
47149
47164
47173
47187
47194
47197
47198
47206
47208
47234
47236
47241
47251
47260
47278
47297
47300
47301
47317
47321
47336
47349
47357
47360
47363
47381
47399
47417
47446
47447
47471
47477
47485
47494
47506
47512
47515
47516
47533
47535
47552
47553
47560
47569
47575
47582
47606
47623
47624
47625
47628
47630
47654
47679
47682
47690
47701
47709
47718
47729
47734
47738
47740
47743
47747
47748
47753
47763
47793
47796
47802
47804
47805
47807
47826
47830
47838
47840
47861
47890
47905
47922
47932
47942
47946
47951
47952
47961
47964
47966
47968
47996
47997
48001
48009
48010
48048
48059
48060
48073
48074
48110
48121
48137
48158
48189
48192
48206
48218
48219
48222
48227
48234
48237
48238
48241
48265
48273
48288
48291
48302
48304
48318
48324
48328
48340
48342
48366
48418
48423
48433
48441
48446
48447
48449
48462
48476
48478
48483
48491
48501
48508
48509
48515
48516
48525
48541
48547
48565
48567
48572
48581
48582
48583
48587
48598
48608
48623
48625
48631
48635
48651
48661
48679
48682
48688
48694
48695
48708
48712
48756
48758
48761
48765
48769
48781
48798
48832
48836
48854
48859
48868
48875
48883
48889
48890
48907
48918
48922
48960
48976
48979
48992
49002
49021
49027
49041
49043
49085
49088
49103
49109
49114
49147
49157
49159
49172
49175
49190
49193
49195
49196
49211
49222
49223
49227
49238
49252
49264
49284
49292
49295
49312
49332
49342
49350
49386
49402
49419
49449
49457
49469
49492
49506
49512
49518
49535
49539
49540
49541
49562
49583
49600
49614
49615
49626
49629
49642
49646
49647
49648
49650
49653
49670
49676
49679
49704
49711
49719
49721
49724
49740
49748
49788
49789
49796
49805
49810
49828
49833
49839
49863
49881
49884
49886
49897
49910
49919
49959
49960
49998
50006
50010
50017
50030
50031
50064
50078
50085
50093
50095
50113
50123
50130
50134
50163
50166
50174
50177
50188
50198
50203
50213
50238
50244
50260
50275
50286
50288
50291
50305
50308
50321
50323
50344
50370
50386
50392
50400
50406
50410
50436
50475
50489
50499
50513
50522
50538
50543
50562
50566
50570
50577
50606
50610
50612
50613
50618
50622
50631
50635
50640
50663
50667
50679
50690
50694
50697
50703
50711
50716
50720
50721
50751
50757
50761
50773
50784
50788
50803
50820
50829
50836
50846
50858
50859
50863
50869
50870
50880
50882
50893
50922
50923
50924
50927
50941
50944
50956
50965
50968
50975
50991
50994
51007
51011
51018
51024
51053
51093
51094
51095
51111
51112
51123
51139
51145
51146
51150
51153
51163
51174
51184
51211
51213
51215
51229
51240
51243
51251
51258
51267
51271
51286
51291
51297
51311
51317
51319
51320
51322
51343
51356
51367
51371
51374
51383
51405
51406
51431
51457
51465
51470
51474
51475
51482
51484
51488
51495
51503
51507
51521
51526
51529
51532
51546
51573
51584
51586
51612
51626
51641
51648
51660
51662
51688
51691
51728
51764
51769
51774
51775
51781
51792
51842
51866
51870
51878
51880
51890
51901
51903
51914
51917
51921
51936
51948
51958
51965
51968
51976
51988
51995
51997
52004
52028
52036
52050
52064
52073
52077
52079
52082
52092
52116
52121
52140
52143
52145
52153
52171
52184
52191
52197
52208
52216
52228
52266
52275
52276
52282
52292
52297
52316
52318
52319
52327
52341
52353
52404
52409
52423
52431
52432
52435
52445
52450
52479
52502
52511
52514
52518
52519
52530
52534
52539
52540
52541
52553
52574
52581
52586
52592
52603
52618
52628
52631
52633
52651
52661
52667
52674
52682
52706
52712
52725
52730
52734
52739
52743
52751
52763
52766
52779
52787
52790
52791
52793
52795
52802
52820
52838
52853
52854
52872
52889
52895
52897
52905
52917
52939
52943
52955
52960
52972
52977
52979
52980
52981
52991
52998
53008
53011
53015
53029
53042
53058
53065
53078
53115
53122
53131
53142
53152
53154
53166
53185
53202
53208
53221
53233
53247
53262
53269
53270
53281
53296
53306
53335
53347
53348
53357
53371
53395
53397
53415
53420
53431
53433
53437
53440
53454
53457
53459
53463
53464
53468
53490
53493
53510
53512
53514
53517
53520
53529
53547
53548
53549
53554
53561
53571
53578
53590
53595
53606
53607
53628
53640
53649
53654
53655
53662
53672
53685
53692
53694
53695
53700
53702
53713
53714
53717
53747
53756
53758
53761
53771
53772
53786
53798
53799
53803
53825
53828
53831
53843
53854
53863
53876
53888
53905
53931
53932
53945
53951
53955
53988
53989
53990
54008
54025
54026
54032
54048
54051
54064
54072
54085
54088
54089
54091
54092
54115
54123
54136
54149
54157
54163
54164
54171
54173
54179
54185
54193
54203
54213
54216
54218
54223
54232
54237
54255
54260
54279
54288
54307
54315
54325
54328
54330
54332
54373
54380
54401
54403
54405
54407
54409
54420
54442
54451
54452
54453
54457
54467
54476
54482
54483
54485
54490
54493
54494
54505
54526
54530
54533
54535
54542
54552
54555
54567
54597
54611
54614
54622
54629
54635
54642
54644
54657
54662
54735
54750
54763
54766
54767
54769
54777
54785
54786
54788
54799
54801
54821
54831
54837
54854
54855
54857
54879
54886
54890
54894
54897
54934
54958
54970
54999
55012
55016
55025
55027
55031
55033
55037
55057
55063
55071
55072
55073
55074
55076
55090
55092
55094
55105
55119
55125
55128
55131
55134
55169
55178
55206
55222
55223
55226
55238
55244
55256
55263
55272
55277
55278
55332
55336
55337
55345
55366
55367
55379
55383
55389
55396
55399
55402
55404
55412
55426
55427
55433
55448
55452
55453
55463
55473
55482
55492
55519
55540
55541
55547
55562
55566
55586
55620
55639
55641
55643
55660
55668
55675
55680
55691
55717
55733
55741
55744
55752
55753
55758
55759
55760
55772
55774
55794
55800
55810
55816
55824
55826
55836
55843
55850
55865
55876
55885
55888
55899
55903
55913
55922
55925
55926
55974
55993
56000
56002
56006
56012
56016
56032
56035
56036
56051
56079
56080
56090
56111
56121
56141
56143
56147
56153
56158
56162
56189
56199
56204
56231
56237
56255
56301
56302
56306
56311
56321
56330
56338
56347
56361
56385
56387
56389
56392
56401
56423
56425
56430
56437
56444
56474
56479
56480
56481
56493
56505
56510
56512
56514
56520
56521
56537
56544
56561
56566
56576
56582
56585
56589
56595
56598
56606
56631
56635
56640
56647
56649
56660
56663
56671
56678
56680
56683
56684
56697
56708
56718
56722
56724
56728
56729
56741
56759
56773
56786
56795
56817
56820
56836
56837
56870
56876
56898
56911
56949
56951
56960
56974
56978
56983
56996
57001
57032
57034
57035
57038
57055
57069
57076
57079
57104
57109
57111
57119
57139
57153
57155
57157
57170
57172
57173
57174
57185
57211
57215
57224
57238
57241
57242
57246
57252
57261
57282
57285
57330
57344
57347
57351
57363
57366
57367
57368
57383
57385
57396
57400
57403
57405
57406
57418
57422
57462
57471
57472
57494
57498
57510
57545
57554
57559
57580
57581
57652
57655
57691
57692
57696
57704
57713
57715
57727
57732
57744
57754
57769
57770
57776
57782
57788
57789
57800
57802
57813
57824
57835
57838
57855
57866
57884
57889
57890
57908
57935
57937
57942
57945
57954
57960
57969
57972
57984
57988
57992
57994
58002
58003
58016
58019
58035
58036
58045
58055
58073
58079
58086
58106
58113
58120
58123
58141
58159
58172
58181
58182
58212
58213
58218
58231
58248
58270
58284
58285
58303
58304
58318
58324
58327
58328
58349
58366
58367
58384
58393
58400
58409
58442
58453
58460
58461
58467
58480
58482
58494
58522
58527
58534
58535
58541
58548
58578
58579
58580
58582
58614
58616
58646
58663
58667
58678
58681
58697
58711
58712
58716
58719
58720
58722
58728
58737
58769
58770
58774
58779
58784
58789
58817
58830
58842
58861
58865
58866
58871
58884
58895
58905
58906
58916
58920
58926
58929
58936
58939
58942
58961
58973
58981
58983
58986
59003
59004
59009
59011
59020
59022
59048
59050
59055
59057
59068
59093
59100
59101
59106
59112
59150
59159
59165
59182
59189
59202
59214
59216
59218
59233
59236
59243
59259
59270
59277
59289
59298
59306
59328
59338
59342
59343
59344
59350
59353
59355
59361
59368
59378
59398
59409
59411
59421
59428
59430
59443
59445
59459
59474
59480
59498
59506
59508
59512
59527
59550
59553
59561
59563
59564
59565
59568
59572
59604
59616
59629
59648
59649
59662
59664
59672
59686
59691
59711
59723
59724
59740
59744
59752
59757
59772
59786
59789
59790
59799
59819
59838
59851
59892
59896
59903
59904
59905
59919
59927
59969
59970
59976
59992
59993
59996
59999
60020
60025
60034
60045
60047
60051
60055
60064
60075
60076
60089
60090
60118
60124
60135
60136
60139
60143
60148
60170
60180
60203
60207
60224
60237
60247
60248
60256
60260
60271
60275
60279
60280
60290
60308
60315
60326
60330
60336
60350
60363
60368
60371
60382
60386
60389
60390
60411
60413
60414
60435
60441
60448
60463
60477
60487
60488
60489
60491
60492
60506
60513
60523
60536
60549
60558
60578
60589
60615
60617
60634
60654
60666
60667
60674
60681
60698
60737
60745
60748
60751
60765
60769
60770
60782
60798
60800
60804
60807
60818
60823
60858
60895
60896
60922
60929
60940
60945
60962
60975
60976
60988
60989
60992
61029
61034
61037
61046
61071
61105
61111
61118
61142
61144
61146
61161
61175
61176
61183
61198
61199
61215
61220
61228
61242
61250
61256
61263
61269
61274
61283
61293
61300
61311
61316
61321
61377
61388
61401
61406
61435
61438
61449
61500
61510
61520
61521
61532
61565
61577
61584
61585
61597
61601
61631
61644
61647
61670
61674
61696
61714
61724
61731
61734
61738
61750
61752
61757
61758
61761
61762
61767
61772
61776
61840
61844
61846
61848
61873
61881
61888
61890
61892
61893
61903
61918
61927
61930
61935
61946
61958
61962
61978
61998
62011
62021
62024
62025
62057
62088
62090
62091
62095
62102
62110
62113
62116
62123
62139
62142
62144
62147
62158
62171
62173
62189
62208
62220
62224
62254
62276
62283
62310
62366
62381
62388
62392
62408
62430
62434
62449
62455
62481
62490
62508
62511
62528
62536
62543
62557
62576
62580
62581
62588
62591
62592
62619
62658
62671
62679
62687
62692
62694
62701
62709
62711
62712
62727
62739
62745
62746
62748
62753
62758
62759
62761
62765
62773
62779
62813
62818
62824
62826
62859
62901
62905
62907
62913
62924
62928
62936
62993
63001
63041
63051
63065
63072
63080
63108
63116
63121
63146
63150
63153
63174
63180
63181
63189
63207
63227
63232
63238
63246
63250
63251
63273
63292
63326
63339
63341
63344
63349
63350
63351
63358
63361
63392
63414
63430
63433
63437
63439
63441
63443
63446
63456
63464
63466
63470
63488
63493
63503
63509
63510
63516
63521
63525
63548
63575
63581
63584
63594
63620
63621
63632
63639
63640
63645
63651
63658
63667
63678
63683
63699
63733
63741
63767
63778
63810
63818
63821
63831
63856
63857
63862
63880
63895
63920
63923
63935
63942
63947
63956
63963
63964
63989
63999
64018
64033
64051
64056
64071
64123
64126
64133
64134
64146
64160
64178
64197
64204
64219
64224
64252
64271
64295
64303
64339
64345
64356
64368
64374
64376
64383
64384
64398
64426
64436
64443
64459
64462
64472
64486
64510
64514
64516
64521
64532
64535
64536
64562
64564
64572
64577
64589
64610
64619
64642
64663
64665
64693
64703
64733
64735
64746
64765
64777
64787
64788
64807
64812
64831
64846
64861
64872
64886
64893
64903
64917
64919
64921
64925
64928
64930
64940
64944
65001
65002
65037
65047
65059
65070
65100
65111
65121
65122
65131
65142
65147
65149
65171
65173
65174
65177
65185
65186
65205
65250
65256
65261
65267
65282
65287
65316
65318
65334
65336
65340
65367
65374
65389
65400
65408
65411
65420
65421
65433
65442
65444
65450
65499
65505
65506
65512
65515
65516
65525
65548
65559
65568
65579
65587
65608
65612
65617
65625
65640
65648
65652
65678
65696
65700
65727
65735
65743
65745
65756
65761
65766
65767
65770
65778
65787
65817
65822
65825
65835
65852
65862
65878
65882
65887
65902
65924
65931
65933
65941
65965
65971
65976
65980
66011
66022
66025
66026
66027
66031
66044
66054
66057
66066
66073
66091
66096
66098
66111
66122
66126
66140
66145
66156
66159
66165
66169
66175
66186
66191
66207
66212
66219
66221
66222
66228
66275
66292
66311
66321
66326
66354
66375
66384
66386
66388
66392
66394
66397
66423
66433
66448
66454
66466
66471
66512
66516
66522
66538
66557
66564
66570
66587
66600
66603
66616
66627
66636
66671
66687
66699
66704
66719
66721
66723
66742
66743
66784
66787
66801
66846
66856
66874
66875
66879
66888
66891
66896
66898
66901
66906
66907
66934
66950
66951
66953
66958
66962
66970
66978
66983
67007
67009
67037
67046
67047
67062
67065
67070
67088
67106
67115
67122
67123
67146
67148
67162
67193
67204
67218
67242
67252
67253
67271
67320
67325
67335
67338
67346
67347
67351
67360
67372
67384
67395
67405
67409
67416
67420
67424
67461
67467
67476
67484
67486
67496
67506
67526
67549
67554
67580
67583
67585
67587
67588
67598
67603
67627
67629
67631
67649
67670
67684
67706
67707
67713
67720
67729
67730
67760
67765
67768
67787
67811
67833
67854
67856
67857
67868
67873
67879
67890
67896
67924
67930
67931
67948
67954
67955
67956
67967
67968
67983
67985
67990
67996
67997
67999
68002
68033
68039
68085
68137
68139
68140
68141
68143
68146
68153
68156
68161
68184
68214
68222
68224
68225
68230
68233
68244
68247
68249
68261
68263
68264
68268
68276
68281
68294
68297
68301
68313
68316
68328
68338
68343
68358
68361
68408
68416
68423
68430
68446
68447
68450
68452
68456
68457
68465
68466
68524
68565
68575
68578
68592
68593
68597
68614
68619
68632
68659
68663
68667
68671
68680
68693
68694
68695
68700
68707
68709
68745
68753
68772
68794
68795
68798
68801
68803
68804
68806
68810
68812
68819
68821
68829
68830
68831
68853
68860
68876
68885
68895
68907
68911
68924
68929
68932
68968
68981
68993
68995
68999
69036
69045
69047
69055
69056
69061
69065
69069
69077
69080
69103
69124
69131
69158
69168
69172
69185
69186
69191
69199
69212
69225
69233
69239
69257
69288
69339
69345
69355
69358
69368
69371
69374
69375
69379
69383
69384
69398
69425
69430
69434
69443
69449
69455
69456
69478
69479
69493
69494
69501
69513
69518
69520
69525
69527
69529
69537
69539
69541
69542
69546
69547
69548
69556
69557
69563
69578
69586
69589
69595
69618
69619
69621
69625
69629
69644
69646
69655
69666
69687
69697
69704
69710
69726
69730
69747
69753
69771
69775
69778
69798
69802
69809
69811
69819
69834
69855
69856
69859
69870
69894
69898
69918
69920
69923
69930
69953
69969
70001
70004
70023
70035
70037
70079
70085
70090
70117
70127
70135
70137
70140
70149
70156
70160
70184
70201
70205
70214
70233
70252
70267
70281
70305
70308
70321
70335
70345
70354
70365
70375
70411
70413
70454
70480
70482
70489
70513
70517
70520
70535
70543
70556
70563
70569
70570
70571
70586
70594
70601
70605
70629
70645
70658
70674
70675
70678
70683
70703
70704
70726
70728
70729
70732
70751
70763
70767
70773
70779
70788
70795
70801
70802
70830
70847
70859
70860
70862
70875
70881
70884
70887
70916
70919
70924
70927
70934
70947
70948
70969
70980
70985
71005
71008
71012
71017
71024
71039
71040
71066
71080
71085
71100
71130
71132
71142
71168
71184
71188
71192
71208
71224
71225
71257
71286
71288
71293
71302
71307
71313
71316
71324
71333
71336
71340
71356
71357
71358
71362
71368
71374
71380
71382
71391
71394
71400
71411
71412
71413
71415
71425
71429
71437
71443
71451
71460
71466
71483
71492
71499
71512
71523
71545
71547
71557
71562
71569
71580
71597
71603
71622
71641
71646
71656
71659
71666
71681
71687
71694
71695
71700
71720
71738
71742
71751
71772
71791
71806
71819
71843
71845
71853
71869
71871
71874
71888
71892
71900
71903
71928
71933
71953
71960
71967
71972
71997
72008
72015
72030
72037
72039
72060
72066
72069
72072
72089
72127
72130
72136
72145
72154
72172
72179
72183
72190
72195
72199
72208
72210
72219
72220
72223
72226
72233
72234
72236
72249
72250
72251
72253
72268
72272
72285
72296
72316
72326
72352
72359
72387
72389
72412
72419
72429
72432
72434
72438
72440
72441
72442
72446
72463
72489
72491
72492
72504
72506
72526
72527
72531
72532
72547
72555
72556
72572
72573
72581
72584
72586
72588
72606
72611
72617
72618
72638
72653
72656
72664
72669
72692
72694
72711
72718
72728
72755
72760
72785
72798
72806
72813
72815
72827
72839
72849
72860
72872
72889
72890
72891
72896
72912
72919
72932
72936
72942
72946
72972
72974
72978
73019
73065
73072
73089
73096
73097
73120
73122
73124
73156
73159
73176
73186
73194
73210
73216
73221
73223
73227
73232
73263
73284
73286
73300
73302
73320
73328
73334
73335
73336
73362
73371
73374
73387
73423
73427
73433
73442
73466
73485
73494
73508
73513
73536
73539
73546
73578
73584
73585
73588
73600
73613
73617
73621
73625
73628
73634
73660
73674
73682
73688
73696
73705
73710
73732
73744
73757
73759
73771
73774
73781
73788
73790
73809
73827
73847
73849
73851
73872
73907
73911
73915
73942
73955
73961
73962
73965
73974
73978
73980
73990
74009
74013
74024
74051
74060
74087
74092
74114
74119
74121
74128
74129
74138
74144
74145
74155
74171
74172
74182
74183
74188
74197
74203
74208
74211
74213
74215
74221
74236
74248
74280
74282
74283
74288
74290
74292
74313
74318
74322
74330
74345
74354
74400
74418
74419
74422
74425
74440
74442
74447
74454
74457
74462
74463
74471
74482
74494
74500
74504
74509
74513
74514
74515
74543
74548
74562
74563
74568
74574
74576
74601
74617
74624
74626
74630
74635
74638
74709
74715
74719
74724
74745
74751
74752
74753
74776
74777
74780
74784
74790
74791
74806
74807
74811
74818
74867
74872
74895
74907
74920
74932
74939
74942
74958
74959
74975
74976
74990
75015
75031
75046
75061
75066
75074
75081
75082
75084
75105
75108
75112
75113
75115
75135
75137
75139
75144
75162
75163
75166
75178
75196
75200
75207
75211
75212
75215
75218
75225
75235
75244
75251
75254
75258
75261
75275
75280
75283
75323
75334
75335
75339
75342
75349
75355
75367
75369
75376
75377
75390
75415
75436
75494
75500
75502
75514
75519
75526
75553
75583
75593
75595
75608
75614
75629
75640
75641
75642
75645
75685
75688
75700
75705
75706
75767
75768
75774
75781
75782
75797
75805
75817
75820
75821
75826
75827
75841
75851
75872
75873
75874
75899
75904
75905
75908
75909
75937
75953
75958
75969
75970
75989
75997
76009
76031
76040
76048
76049
76056
76069
76073
76077
76090
76100
76103
76114
76130
76156
76173
76185
76197
76201
76203
76206
76222
76223
76227
76228
76230
76232
76239
76255
76287
76292
76300
76304
76310
76312
76326
76328
76335
76337
76348
76360
76361
76407
76410
76418
76419
76425
76428
76438
76440
76443
76458
76491
76495
76500
76501
76502
76516
76522
76523
76535
76537
76553
76561
76571
76572
76574
76607
76633
76637
76638
76639
76651
76660
76662
76664
76675
76685
76698
76720
76723
76753
76766
76791
76803
76821
76822
76823
76826
76833
76840
76874
76880
76882
76888
76906
76908
76918
76925
76927
76947
76951
76968
76987
77003
77011
77020
77036
77039
77050
77086
77090
77093
77100
77109
77111
77163
77177
77180
77184
77192
77193
77198
77202
77203
77215
77232
77239
77244
77259
77261
77279
77290
77291
77320
77323
77328
77329
77336
77347
77354
77366
77384
77388
77393
77394
77398
77413
77416
77429
77442
77451
77454
77487
77493
77495
77496
77507
77516
77518
77519
77521
77544
77547
77573
77577
77602
77619
77630
77632
77636
77667
77680
77685
77703
77709
77711
77720
77729
77753
77762
77768
77771
77776
77806
77816
77819
77825
77830
77836
77856
77858
77861
77866
77900
77902
77904
77931
77933
77945
77951
77952
77957
78001
78006
78010
78014
78017
78041
78043
78048
78060
78086
78100
78110
78112
78119
78121
78123
78126
78128
78133
78139
78140
78147
78151
78152
78166
78171
78183
78191
78201
78204
78210
78213
78229
78244
78249
78269
78283
78284
78288
78291
78305
78313
78337
78366
78370
78377
78379
78385
78387
78391
78396
78402
78414
78419
78423
78428
78441
78443
78444
78452
78460
78466
78467
78483
78499
78546
78550
78569
78585
78586
78601
78606
78609
78623
78638
78662
78679
78701
78711
78734
78736
78766
78794
78797
78800
78801
78808
78817
78821
78841
78849
78891
78915
78925
78939
78950
78954
78971
78976
78977
78998
79000
79004
79017
79022
79028
79040
79045
79057
79089
79091
79095
79097
79104
79108
79115
79125
79139
79142
79144
79183
79189
79194
79195
79196
79199
79210
79222
79231
79240
79254
79255
79271
79275
79280
79283
79312
79313
79349
79352
79353
79354
79355
79364
79365
79375
79383
79405
79414
79425
79427
79459
79467
79468
79474
79476
79478
79481
79512
79518
79520
79521
79526
79527
79529
79538
79553
79566
79567
79568
79576
79582
79585
79587
79589
79597
79609
79610
79613
79640
79642
79650
79655
79665
79670
79688
79693
79696
79709
79712
79731
79746
79762
79775
79790
79792
79798
79806
79807
79809
79810
79820
79821
79835
79847
79856
79868
79869
79888
79896
79897
79918
79921
79931
79966
79974
79978
79992
80006
80007
80021
80050
80053
80061
80067
80075
80086
80087
80089
80124
80133
80144
80148
80168
80172
80176
80197
80199
80205
80206
80214
80217
80226
80234
80261
80262
80271
80275
80276
80281
80290
80291
80300
80314
80320
80322
80330
80351
80358
80403
80418
80428
80430
80443
80445
80480
80485
80486
80490
80507
80509
80557
80561
80563
80579
80588
80589
80597
80600
80602
80606
80611
80621
80633
80656
80668
80673
80678
80683
80684
80691
80729
80731
80735
80752
80756
80758
80760
80767
80773
80785
80794
80797
80806
80811
80827
80839
80848
80852
80856
80872
80879
80891
80928
80935
80947
80957
80958
80966
80972
80973
80975
80998
81006
81016
81022
81023
81038
81050
81051
81055
81072
81074
81078
81084
81087
81110
81143
81154
81156
81157
81183
81197
81204
81205
81215
81227
81231
81234
81235
81250
81256
81286
81294
81305
81350
81355
81371
81379
81388
81397
81398
81403
81405
81411
81432
81450
81466
81491
81505
81524
81526
81527
81535
81568
81578
81590
81602
81607
81631
81633
81706
81711
81722
81727
81743
81771
81780
81782
81786
81790
81796
81799
81800
81813
81827
81850
81857
81862
81865
81872
81885
81892
81893
81903
81905
81928
81936
81943
81945
81976
81981
81983
81987
82010
82016
82021
82032
82038
82055
82062
82074
82091
82092
82100
82113
82115
82119
82120
82126
82130
82138
82143
82172
82175
82181
82194
82196
82199
82206
82207
82213
82219
82221
82223
82234
82237
82242
82249
82256
82257
82261
82266
82285
82288
82290
82295
82315
82321
82326
82341
82374
82381
82401
82411
82424
82433
82443
82451
82453
82491
82504
82512
82513
82515
82519
82524
82530
82533
82542
82547
82570
82572
82585
82595
82605
82615
82636
82638
82676
82684
82709
82714
82718
82729
82730
82750
82784
82789
82812
82814
82818
82819
82824
82838
82839
82842
82851
82853
82863
82895
82909
82918
82926
82932
82933
82935
82945
82965
82966
82967
82993
82995
82999
83015
83019
83026
83037
83053
83057
83067
83070
83073
83074
83075
83082
83084
83096
83098
83099
83125
83138
83141
83151
83191
83195
83208
83212
83224
83230
83232
83235
83238
83241
83248
83264
83269
83274
83308
83316
83323
83325
83330
83336
83337
83354
83365
83368
83375
83383
83396
83407
83412
83417
83448
83454
83455
83459
83466
83494
83500
83505
83513
83529
83540
83550
83553
83555
83557
83578
83586
83601
83602
83607
83609
83625
83644
83646
83647
83652
83658
83665
83678
83680
83711
83714
83719
83752
83757
83772
83782
83788
83789
83792
83799
83834
83847
83856
83886
83919
83924
83941
83945
83946
83951
83964
83972
83985
83992
83997
84008
84022
84049
84057
84063
84064
84083
84088
84095
84123
84124
84129
84135
84141
84145
84150
84156
84168
84176
84177
84182
84195
84199
84203
84215
84228
84233
84247
84262
84270
84282
84287
84290
84293
84311
84317
84324
84326
84357
84365
84366
84378
84399
84401
84405
84425
84435
84449
84466
84467
84469
84475
84509
84510
84520
84524
84531
84533
84540
84541
84544
84547
84550
84564
84570
84579
84607
84611
84622
84637
84644
84646
84675
84684
84718
84723
84736
84749
84750
84752
84769
84775
84794
84802
84807
84811
84815
84820
84821
84827
84829
84841
84876
84886
84896
84917
84926
84934
84936
84945
84948
84953
84957
84967
84980
84991
85009
85015
85028
85029
85038
85041
85043
85063
85075
85103
85105
85115
85120
85121
85134
85144
85147
85156
85176
85184
85238
85239
85282
85291
85293
85298
85312
85326
85344
85350
85360
85361
85371
85389
85390
85391
85394
85420
85429
85455
85456
85463
85470
85489
85495
85510
85511
85512
85528
85544
85548
85577
85598
85628
85645
85647
85651
85656
85734
85740
85750
85757
85758
85767
85786
85790
85803
85807
85812
85829
85843
85853
85854
85873
85875
85885
85889
85901
85916
85922
85941
85944
85966
85973
85982
85997
86002
86019
86041
86042
86043
86053
86059
86065
86068
86080
86120
86135
86138
86139
86150
86173
86177
86179
86181
86190
86197
86228
86230
86231
86242
86249
86265
86267
86286
86291
86294
86300
86301
86303
86307
86311
86334
86337
86338
86342
86344
86358
86410
86412
86441
86442
86455
86460
86464
86479
86482
86501
86526
86540
86541
86557
86570
86576
86587
86608
86610
86617
86624
86631
86645
86649
86680
86698
86706
86709
86719
86735
86743
86745
86749
86754
86763
86780
86789
86793
86797
86799
86800
86816
86823
86826
86836
86840
86845
86851
86859
86860
86883
86893
86903
86907
86912
86922
86923
86930
86943
86953
86961
86966
86982
86984
87006
87018
87034
87036
87040
87060
87061
87066
87074
87083
87084
87089
87092
87102
87107
87131
87133
87138
87147
87148
87153
87164
87167
87169
87176
87180
87221
87233
87241
87244
87275
87280
87317
87326
87329
87340
87377
87425
87430
87436
87447
87460
87468
87469
87489
87509
87511
87514
87530
87534
87537
87545
87549
87554
87576
87580
87584
87605
87607
87615
87624
87625
87627
87651
87660
87662
87663
87667
87695
87702
87712
87733
87740
87743
87778
87794
87801
87805
87812
87840
87845
87856
87871
87895
87907
87912
87961
87968
87978
87998
88000
88073
88077
88079
88088
88106
88132
88140
88150
88152
88159
88160
88163
88165
88188
88206
88223
88224
88232
88243
88283
88296
88297
88302
88314
88315
88323
88342
88356
88370
88373
88382
88391
88397
88423
88424
88427
88430
88436
88439
88469
88479
88488
88493
88503
88504
88507
88508
88531
88542
88543
88551
88573
88575
88576
88586
88590
88599
88611
88612
88613
88622
88627
88632
88638
88669
88688
88703
88704
88723
88750
88756
88763
88776
88780
88788
88792
88802
88811
88832
88850
88864
88876
88888
88894
88897
88903
88914
88915
88928
88931
88935
88951
88959
88994
89003
89005
89013
89017
89026
89027
89038
89043
89047
89048
89055
89057
89068
89093
89115
89124
89130
89148
89165
89198
89202
89218
89222
89227
89237
89244
89261
89278
89285
89294
89298
89304
89321
89322
89323
89333
89338
89342
89349
89350
89362
89364
89384
89403
89407
89411
89423
89425
89427
89434
89435
89440
89453
89462
89472
89474
89484
89496
89499
89512
89518
89561
89567
89578
89600
89608
89609
89610
89611
89641
89649
89663
89678
89680
89699
89700
89716
89731
89742
89743
89748
89750
89755
89770
89771
89773
89782
89784
89800
89853
89859
89864
89868
89869
89872
89873
89874
89877
89879
89892
89897
89910
89912
89919
89923
89944
89952
89954
89974
89980
90005
90007
90019
90032
90044
90057
90079
90085
90110
90118
90121
90137
90162
90174
90198
90230
90241
90246
90247
90265
90278
90288
90295
90364
90377
90389
90415
90429
90431
90437
90439
90464
90488
90489
90494
90497
90503
90504
90516
90521
90533
90563
90567
90568
90571
90578
90597
90598
90602
90624
90630
90634
90635
90638
90640
90662
90677
90687
90698
90707
90708
90721
90729
90734
90735
90736
90744
90745
90751
90757
90768
90771
90786
90806
90807
90810
90836
90843
90848
90861
90876
90881
90884
90887
90897
90918
90926
90930
90933
90935
90951
90966
90968
90970
90976
90984
90994
91004
91017
91029
91031
91033
91036
91056
91061
91063
91076
91077
91091
91096
91098
91101
91119
91136
91140
91174
91188
91204
91209
91210
91221
91231
91248
91256
91262
91275
91280
91299
91304
91320
91325
91329
91345
91349
91350
91366
91373
91375
91378
91396
91401
91409
91423
91424
91428
91435
91442
91462
91469
91507
91508
91514
91528
91543
91549
91560
91571
91583
91592
91593
91596
91600
91620
91623
91632
91668
91676
91678
91681
91682
91689
91697
91705
91710
91720
91728
91732
91738
91748
91758
91759
91769
91775
91794
91801
91806
91808
91816
91831
91834
91836
91857
91860
91905
91908
91931
91932
91934
91940
91945
91946
91950
91971
91973
91983
91997
92000
92002
92009
92010
92015
92033
92035
92044
92082
92098
92100
92119
92177
92178
92195
92217
92219
92232
92237
92242
92243
92245
92258
92259
92287
92289
92296
92336
92343
92358
92361
92369
92375
92383
92406
92408
92422
92451
92458
92464
92465
92469
92477
92480
92491
92494
92509
92523
92543
92546
92558
92568
92578
92608
92612
92623
92657
92664
92685
92688
92695
92709
92727
92730
92739
92741
92750
92751
92753
92789
92793
92813
92816
92822
92865
92873
92895
92964
92989
93003
93017
93027
93031
93044
93080
93099
93101
93104
93107
93117
93120
93126
93128
93131
93147
93151
93154
93157
93190
93192
93197
93201
93215
93228
93242
93251
93258
93271
93300
93313
93335
93337
93343
93358
93364
93370
93398
93406
93408
93412
93420
93421
93427
93449
93456
93473
93482
93501
93509
93526
93538
93544
93545
93547
93551
93557
93567
93568
93574
93581
93588
93594
93605
93634
93640
93658
93662
93665
93673
93691
93697
93710
93719
93744
93761
93772
93782
93789
93798
93817
93823
93825
93827
93838
93840
93848
93857
93870
93873
93874
93890
93910
93918
93928
93937
93940
93949
93953
93967
93978
93988
94000
94001
94002
94010
94013
94019
94021
94039
94051
94064
94065
94081
94082
94087
94123
94127
94134
94143
94146
94166
94171
94177
94187
94193
94220
94237
94260
94265
94268
94274
94276
94291
94295
94309
94314
94322
94331
94368
94373
94404
94407
94421
94424
94456
94469
94475
94477
94481
94494
94498
94505
94507
94511
94516
94521
94523
94572
94573
94577
94581
94588
94606
94612
94614
94626
94627
94639
94666
94675
94685
94690
94705
94706
94714
94720
94737
94765
94791
94795
94799
94809
94823
94845
94847
94854
94870
94881
94882
94883
94885
94892
94896
94900
94901
94925
94934
94983
94997
95007
95010
95019
95024
95030
95047
95060
95074
95103
95141
95162
95182
95183
95190
95196
95203
95205
95222
95224
95235
95240
95246
95258
95266
95283
95297
95305
95307
95330
95333
95334
95349
95373
95380
95382
95443
95452
95459
95460
95465
95474
95478
95495
95500
95501
95528
95529
95545
95550
95606
95611
95619
95620
95622
95626
95632
95644
95662
95684
95688
95691
95699
95700
95741
95765
95775
95777
95801
95804
95807
95817
95818
95828
95829
95838
95840
95844
95868
95876
95962
95965
95973
96001
96019
96021
96026
96035
96060
96063
96064
96065
96066
96095
96103
96109
96111
96115
96124
96127
96145
96147
96177
96189
96193
96201
96202
96212
96218
96234
96243
96252
96292
96293
96311
96312
96314
96331
96333
96340
96384
96403
96415
96431
96436
96445
96448
96458
96481
96483
96507
96517
96523
96526
96532
96538
96545
96568
96578
96587
96612
96627
96630
96633
96636
96646
96650
96673
96685
96704
96714
96731
96746
96757
96768
96787
96788
96827
96837
96847
96850
96853
96854
96864
96867
96887
96891
96898
96914
96931
96936
96938
96942
96945
96946
96985
97000
97002
97009
97011
97061
97063
97077
97094
97095
97102
97118
97129
97135
97146
97153
97160
97161
97183
97185
97190
97207
97219
97220
97223
97245
97253
97285
97317
97327
97335
97337
97351
97359
97361
97363
97368
97371
97380
97385
97395
97399
97406
97414
97416
97432
97443
97447
97449
97450
97455
97458
97483
97489
97499
97509
97522
97534
97541
97542
97588
97592
97597
97599
97615
97619
97624
97627
97638
97639
97644
97670
97696
97716
97731
97733
97735
97775
97781
97787
97792
97794
97799
97809
97832
97840
97877
97888
97911
97915
97918
97941
97999
98004
98008
98009
98012
98018
98035
98044
98046
98059
98079
98080
98089
98095
98099
98108
98109
98123
98144
98149
98154
98163
98170
98190
98213
98216
98220
98288
98298
98310
98312
98317
98345
98346
98356
98366
98371
98375
98377
98382
98398
98405
98419
98427
98430
98433
98442
98453
98475
98481
98504
98516
98518
98537
98551
98552
98571
98572
98587
98607
98616
98618
98621
98627
98633
98639
98642
98670
98675
98680
98692
98694
98725
98732
98738
98743
98763
98790
98807
98808
98817
98819
98820
98822
98826
98830
98835
98840
98846
98847
98850
98876
98880
98895
98904
98925
98927
98965
98980
98995
99003
99016
99033
99034
99039
99043
99056
99062
99074
99076
99086
99095
99098
99101
99105
99114
99120
99122
99131
99132
99137
99146
99160
99208
99224
99226
99233
99238
99241
99270
99276
99290
99302
99308
99321
99337
99351
99356
99360
99373
99379
99392
99399
99424
99436
99456
99465
99466
99471
99477
99510
99512
99520
99523
99530
99552
99585
99591
99596
99607
99611
99616
99664
99689
99692
99702
99703
99717
99728
99739
99746
99748
99761
99764
99775
99777
99784
99785
99787
99794
99810
99814
99848
99856
99861
99867
99871
99885
99907
99913
99914
99915
99924
99931
99940
99941
99942
99944
99953
99957
99966
99968
99993
99995
