52325
6946
47877
88412
90507
28280
63616
26322
58214
81793
83152
20572
94168
28772
50455
81845
69429
96210
64686
7004
1775
66652
94202
62300
64940
27558
59619
88154
14817
70843
57880
76848
8840
35563
88455
40500
24970
58908
5406
70279
49479
17885
66194
51966
72243
37374
31646
53741
88490
22385
40834
58888
36300
45992
18299
72829
6223
24631
7616
8678
82225
96636
45583
56942
58431
87484
88168
9798
31014
35554
13141
25114
56601
10513
81186
25581
79117
71075
15948
5182
33681
95159
26024
75462
73682
47721
91162
85078
42765
61148
82515
96782
9691
39361
88547
69857
45237
80380
86923
2580
63669
47127
21661
25835
7800
21278
26324
81162
74515
58087
61762
29440
22588
21359
37570
20757
37230
43289
20723
274
51383
9978
80792
36468
16415
72886
60503
69199
35944
89617
83196
47229
92697
887
16220
52791
14110
87573
97831
58002
61509
67259
73789
36998
23930
47268
73733
76365
85841
80240
9318
9648
51929
26776
10684
62203
1776
81598
81926
26689
98552
71136
50692
19276
11061
26630
36561
60750
47333
51833
82858
14472
31848
54271
34871
76278
14131
742
25407
29049
45132
21416
55426
69563
92160
11153
70720
45062
22887
41733
93471
23180
80258
85258
56629
92177
80259
64957
19351
12572
28338
13036
31928
51761
97726
78220
26415
1409
43429
50203
95933
73792
59951
98927
49699
95613
4837
5565
84063
48706
9375
57589
10082
2020
73713
93796
52088
71072
52165
50890
32832
69066
54223
42232
99327
72584
71607
71361
43943
59839
40261
3359
34457
19300
50541
86562
59207
99733
26352
21787
35917
71504
51000
5583
61846
89521
44111
65424
37156
68260
20581
15680
77121
13491
29762
8820
27118
50545
31430
36828
12445
59561
47527
30776
27773
24549
88290
99384
23624
52820
87755
96218
36631
66329
93898
65826
5220
28230
86377
48753
4057
11073
67921
98088
88590
87832
44768
64071
18531
14753
89705
55783
28809
75980
42296
55678
61449
83902
21978
83608
76899
64313
42649
38180
7190
35112
62740
34531
20244
67016
98323
74792
53830
95542
73410
39119
25889
63821
15289
27611
7472
84006
36965
91928
24975
8605
19938
28876
50659
17487
4160
83043
74078
59199
94895
91282
39778
43687
84873
85938
53628
4405
51986
95026
55533
31517
73455
90291
65691
57752
21442
65506
93187
27061
83217
15573
5999
62676
73709
62307
87166
52904
31905
59976
52715
67897
65071
11955
52237
64963
10144
87494
43708
26737
88555
21418
34700
45229
88255
17309
25389
66026
60506
26813
54247
93172
31361
28683
32606
13202
47496
72192
91804
11193
97206
64382
74308
10538
99570
21758
12495
17891
79438
40077
92494
82116
58171
87759
70250
16679
61379
57597
55265
57015
32709
80346
63365
96772
41508
10505
94896
82545
57592
4202
21545
48556
8018
53963
3166
23503
74067
81719
39906
42483
19192
24824
43692
17616
97828
97033
28641
33807
48731
95794
69918
95429
83447
72420
29728
21230
75486
30734
8395
95990
84893
72341
20960
90035
65464
87003
26054
55555
7009
15603
89576
13128
35767
12672
53369
60157
2648
67822
54384
26953
96681
42673
51225
73465
96961
24062
53603
67517
36157
46691
71908
98006
9374
22030
68343
35785
60783
62007
7102
35545
58797
46851
29939
48628
40106
61285
17588
67673
98697
78437
58289
40537
32002
89983
48177
46863
45792
76884
36840
70731
10911
86579
29948
95640
69049
79313
78670
8168
79471
46139
28157
27520
38677
52046
47246
40203
79978
61957
95560
623
97608
25833
20596
38724
96525
67966
67196
50979
2407
91615
49724
86895
73454
44907
18968
35824
41893
1133
4799
43398
98022
88202
60806
52455
89672
70326
76342
82359
6458
75171
85922
93105
85141
59193
36964
7307
83807
52668
87389
54352
23726
87774
68693
3673
32539
59787
52485
17804
19086
19032
50763
80379
87923
57645
15368
14551
84231
97307
94783
41178
57280
50272
98983
92645
8783
37648
81278
19936
48566
33064
67180
22250
62983
63737
68612
68560
12681
60279
88652
27911
63247
33112
35246
69668
9630
66613
61100
45222
60631
15084
15747
22619
45225
28122
38817
32345
90049
88870
37786
31423
70501
37950
63284
71321
10794
50620
57481
11329
82006
39766
75785
49029
80479
3498
32526
82175
40908
71475
19337
30496
71506
36970
99434
82829
46722
78845
3577
70099
63466
50849
76050
62447
84139
8243
57887
7358
91966
11900
64659
44211
65391
81389
27428
20183
38309
26114
71591
65693
68517
78631
17275
15829
94367
17738
88145
6824
95384
32562
73867
41285
28741
57943
78054
72601
20359
72661
66719
61967
82085
11080
34260
86935
89059
82672
93367
92848
40008
27522
20483
32789
47806
92078
74283
9164
72290
66609
49131
44025
3389
56836
79538
93701
66850
52207
67106
14312
80457
74249
42132
93547
7492
10354
41482
3496
86678
17765
61305
67628
28475
76849
2638
22304
2187
50161
47603
15442
11397
47611
60757
41736
89229
1430
69634
65970
25270
48572
70481
52129
64582
54801
39367
43333
88393
46917
34143
80116
56088
91552
40823
25536
30960
21352
89273
75391
3705
48954
70045
60109
13739
48259
50485
65801
54339
97299
28201
43258
68103
47463
45144
25799
67335
21106
90729
93013
80071
45489
16373
13124
55161
27754
82299
64007
59289
36819
53556
73816
16821
3373
34142
74945
81556
20800
79343
5283
72146
81025
81452
71465
85825
28207
96940
53552
17977
24898
96640
82688
77153
9781
58846
55581
29644
94518
93359
95002
98289
33190
56150
73212
89095
62420
71087
39541
65699
8876
14856
77001
75810
94148
21590
39521
30371
29533
75341
79413
24894
32684
57099
78915
67273
74099
3407
72851
72680
22312
20519
36939
20490
25600
55534
46108
71843
84878
65710
84775
79800
73750
43110
20612
44258
40344
62356
46025
8330
21236
45067
56703
46660
24533
76183
87448
84667
32173
94240
4295
59342
47689
34205
92076
27638
53164
16545
7335
34475
91411
78007
72198
53770
93418
28814
49601
64141
86637
57230
21510
16336
43574
32794
16572
73577
13488
75649
56792
75742
55494
43266
81223
29143
28149
14298
26339
3756
64774
44029
52275
29282
33640
7901
27470
24537
5620
21342
47417
81396
8281
29067
50685
11632
91135
6602
37664
73970
7366
71167
8430
56579
65578
91853
42923
35732
60122
40004
12006
3471
15136
84819
25842
94025
76242
39486
51143
31637
17871
46942
76653
47857
93813
5656
54818
90155
48462
80841
97202
59420
61727
26549
54702
3893
52570
55877
7805
33877
42441
36530
49370
19841
29495
36541
28354
85516
38270
11983
86209
67020
32945
7235
92088
11907
39699
93319
92548
24050
45599
11697
37585
94909
96263
28541
66196
93446
634
42159
74056
63267
43137
19195
26579
94825
8224
72318
16064
58606
30714
99250
99096
29077
55989
40388
14244
84533
19114
94762
57004
13412
77452
6820
41591
58263
87676
19855
40279
16362
94630
82803
6788
25504
19497
70057
60316
66656
47128
34631
62334
78169
1693
81194
33849
97303
47446
68231
53946
12385
91425
43188
68948
79983
2814
75535
64871
30034
6268
16225
35550
85540
90047
31572
74996
62256
30873
21728
62089
14516
70791
86160
20865
77601
61329
17430
18307
17839
67030
38612
86027
97191
47812
52565
1805
82350
38106
82322
52031
20093
89552
13377
36562
28982
13998
93842
94483
93279
86809
5608
98710
28871
13007
26865
15098
62253
53302
3064
23735
99629
92560
54497
67193
22731
20086
52496
94928
94494
10350
49496
47578
63107
94793
85782
4006
4266
65312
36371
79821
47892
57630
58581
80451
94181
49719
9666
5688
74999
87424
8508
42082
40560
7847
25108
69873
18402
14127
59881
69704
52971
21294
91839
27527
38887
62405
48475
98409
51735
50652
61845
15388
92255
19111
12937
91471
98952
36455
84677
66081
77675
46085
96344
92520
54505
13322
77474
52437
28790
77339
8138
82747
12821
75537
94615
88278
41870
47420
47581
2110
26212
63744
97592
57517
61411
84911
80477
81546
86255
89653
19733
87621
5985
32694
52617
51059
70577
518
33556
17108
91067
41113
26179
28938
18190
73067
89471
5026
77843
18742
77720
36088
14076
9945
48678
8963
44226
30931
74057
12057
33624
96513
10199
12018
52411
81166
84499
80246
80143
2831
77381
95
85539
51596
87732
95031
12061
62212
17534
62389
57189
94574
25715
75067
56251
668
36275
1595
16509
51083
82882
19420
19109
78501
80331
98157
4692
64430
30652
99785
79587
76888
15834
73236
4015
94756
44539
52572
48799
48862
18044
91227
4343
46118
47726
85406
94565
23514
42683
92486
47979
23282
66023
20286
54671
85706
50779
94354
19775
57836
46099
9002
76672
59617
45750
14140
99247
41541
81815
41389
87629
6485
20910
54294
33259
79588
64786
36223
77615
40042
44735
99318
63620
9924
94975
57792
57131
78372
49445
71551
85180
15750
82148
41565
51507
5760
95984
90116
81391
44547
46097
93577
85542
6774
17991
30272
52669
80681
7950
45952
10283
70152
60138
41087
96312
86120
9777
28740
50331
25428
59221
68195
82585
79680
94106
72008
93176
59428
28403
61638
11464
45269
66022
56571
3573
22812
92453
82453
69755
23564
79299
20412
9508
94664
72911
68559
69481
39396
89491
21612
51267
57409
50376
4095
85480
85179
65949
68144
75991
67801
29620
46055
59824
41210
94897
56070
27382
81946
23035
77609
81753
76208
40354
72740
90369
97261
94947
11597
49218
54152
61932
47830
13280
29472
43090
96551
63841
25058
92758
23099
66158
43213
14344
82394
7822
31362
65294
59095
89718
30657
67531
39292
43323
13684
987
52328
87872
28107
54625
15472
20318
78757
9406
66268
67606
82257
99702
15198
79015
52265
34350
93442
79816
93623
2429
35537
46077
97235
59795
19724
27241
45577
79495
12805
56436
87255
72024
75513
45451
97096
29436
25766
96027
45406
87611
81849
5409
25331
63895
61689
86841
13780
56756
76149
85888
86593
21020
48304
73486
2506
97167
66447
27086
36215
53121
27935
76740
13575
11404
81014
16040
14013
91279
88410
8699
76773
4239
18155
24483
32702
79285
38570
66526
96531
17431
61663
56134
7963
90778
83315
40814
14230
28064
34110
9017
55428
24486
92956
62342
60508
59055
80797
72923
78633
63920
16134
78179
5343
9765
64960
12391
73791
50252
62616
68514
69995
41000
8325
76431
63808
94971
68473
20260
92885
213
39440
10688
47412
20905
76701
76064
8160
70097
40413
4841
84700
74579
97289
50527
45593
64967
46617
35541
5122
74429
47378
34511
31627
25229
45982
63044
79530
62805
13223
27686
48947
14165
21143
21289
87527
78586
24065
70949
75031
33012
30074
56470
51210
90033
85023
41612
67838
11170
86185
14823
87504
27460
89192
15502
68711
1290
21688
89765
136
26867
12214
56415
64671
81418
17457
32812
65789
77683
82274
19794
71835
82945
48670
84594
38115
51979
16098
60477
89392
58892
8737
70877
8659
98190
40309
90100
54300
20094
59720
84406
72131
55977
8376
71626
1471
50846
11928
25508
62463
68269
53353
23355
8983
89978
27200
22950
51774
51791
13942
85071
61135
99765
73803
9507
51820
27245
76216
26900
86620
43030
49425
28972
65185
32969
88709
13938
86519
31698
10552
77520
9718
69610
7392
43839
90576
64931
7465
98198
37351
78716
67132
51268
83753
75857
61707
13022
99079
82452
44583
82459
53124
34833
55695
30803
55532
75863
18123
81513
35659
30405
34625
46296
10960
68292
24917
34376
15057
36405
53832
74403
29604
31004
99231
89250
40418
96082
36632
43364
55341
71457
27654
49231
20367
59791
47637
80359
24764
53474
91948
96794
97260
43079
5756
78809
2636
94924
31193
20479
61763
4564
33099
1947
8386
27531
14866
32127
74514
19591
75118
39547
65230
98313
79616
62576
67993
4556
78274
70992
70991
43587
76921
21684
51425
32815
38232
4066
37525
27716
72337
79000
95602
48064
66775
97086
70574
19124
49987
77436
28856
29043
64001
96879
99302
99520
94056
28704
52483
87820
70628
57703
70885
89776
39488
43879
5384
83429
85951
30961
66408
79766
78790
38651
47887
75564
61328
71744
59103
46521
3928
57996
98776
93555
68524
82408
20190
29946
64264
65313
11236
29803
84536
79083
39480
50400
35991
19382
74893
45488
122
30704
29359
38917
59464
15125
83809
58272
48876
81913
6885
61235
75550
3873
7292
77105
83584
9601
86921
50637
89048
15946
5212
60530
35396
13171
64446
303
62536
57423
37964
80748
14247
86787
9602
64837
51868
98980
32775
69354
52823
18672
7748
46258
45955
97927
49465
56253
26370
73154
63476
48646
27506
19038
53210
65009
99997
53972
33637
80463
79207
21544
71417
45426
35355
18187
14394
35037
63863
72004
86429
89540
85265
21333
26635
82442
75048
98827
25814
47200
37124
81209
78712
44659
64949
76477
3679
9227
9790
1040
22293
48500
49961
3372
5766
92047
67552
56821
72494
9391
44501
20759
78282
60559
19310
12835
69548
32465
55169
62100
52616
92147
32452
73995
59215
16916
18617
72281
57106
75928
80496
19034
81342
79182
44084
359
36740
1291
15936
61087
97262
87997
92801
36582
57944
87822
73257
4365
14557
29347
99280
74718
87141
28333
26755
28416
45558
20058
39414
39744
37445
66193
4116
97641
19456
24294
56603
66163
38530
46476
67133
20028
88848
48206
89545
9887
8602
72266
42678
12934
56477
93982
18821
87770
7502
71929
19139
77926
72463
77574
2331
79371
51677
54824
81457
77192
27429
54314
94069
2408
21678
99670
5742
87307
3613
73729
34775
56352
56594
97950
14374
93502
45407
2395
48086
64161
35728
85031
47285
27260
85027
66575
74088
64345
23447
25336
81608
85941
69440
21258
7349
15853
544
18451
52798
37522
82898
66552
17305
27443
1225
34685
27600
13996
94116
28792
58941
34353
44080
43136
87666
34706
64026
51215
1173
24121
7506
84948
58997
7041
65108
78414
64066
18792
2063
22146
46683
93505
51744
15851
91797
44957
99230
18545
6366
18203
32123
60155
46972
3391
1426
44728
85771
9166
68768
77849
52091
54128
48715
58288
22285
38388
32919
42092
38586
70722
74544
90704
66966
68919
36408
44944
83538
47160
79841
74400
4535
47617
23398
48366
67105
95998
56145
28139
85054
30347
96530
58932
78104
61138
96115
41205
48979
39467
1129
17314
39354
89002
89070
65772
65863
77598
74264
39676
71896
17912
7406
38540
62888
92324
39683
14027
16671
76955
7093
30037
88265
28548
45531
2068
8186
28559
66444
23876
9629
38603
65524
95360
79825
66667
26177
71448
10986
75801
46552
86413
51504
82910
8027
78108
51730
48496
28638
19148
1773
80598
73513
18964
70332
89423
89645
72319
13558
44169
13292
56650
84696
53764
25967
19673
62827
3048
5986
33586
83415
94613
58570
23455
70841
24112
72629
21610
45607
90894
12332
66324
29790
17066
39449
57471
54531
24049
98966
98573
75351
19302
21424
60792
26197
38301
60243
84612
2856
72826
74964
71194
99621
7325
1679
50111
50688
38667
37832
84654
79360
95747
28936
18582
49610
35339
45041
6832
74136
72549
25623
19445
25826
25625
25333
531
73075
54519
16100
71286
34107
3230
23151
52395
95054
81796
18784
92294
50906
33200
67526
50864
42934
48942
82333
66468
50427
1741
65292
477
22103
89629
12740
71200
73398
76648
29824
34229
23009
62514
44878
64928
93130
71276
49276
28454
43225
14653
99897
74646
27414
95821
40232
38255
63621
7341
83347
57218
72403
42911
17081
1976
85563
8423
12395
54135
73652
24092
70582
75597
60853
61195
36402
26094
31069
33127
25619
12827
99431
16071
89775
43375
24636
18019
29158
7219
45899
11722
57214
66077
63626
39677
21936
9417
95152
98941
85684
3958
68674
40092
75610
31482
46260
9927
719
55451
93215
5835
46216
96668
38175
16006
11797
5111
3451
36406
7330
57134
45945
96896
58372
33817
82163
6594
23261
27159
64263
7295
11309
98110
92222
80832
39522
45836
33291
49920
34740
47328
75909
26693
2200
77616
58050
55548
74150
40703
78052
73265
49085
44513
63327
19550
65379
23154
19909
75663
67949
84242
48770
4806
64668
49322
30525
60325
26744
99403
80203
39358
27029
93800
47365
78619
6068
31254
36424
79073
75290
73004
64497
8020
9553
71052
89251
87043
68685
13096
34268
3902
34805
80825
83489
12046
19763
35445
86008
59496
95223
17857
73401
1048
51269
80868
78574
36175
86498
35304
11260
91859
42926
61796
9906
86754
41584
91638
61528
54275
37327
7631
80625
22724
4983
88402
92163
74385
35818
41201
47625
57188
24491
22369
28703
37013
16826
70179
24311
41174
41931
30353
60627
26788
13255
85982
46734
61897
12382
61232
10944
77589
43207
39188
30526
9364
55027
69958
92654
13995
60594
13807
32051
16186
3204
7379
18499
64153
23920
4719
83681
53116
5647
96134
33342
9366
35072
8960
32542
65407
21415
97568
17578
34802
6207
46178
8469
25808
72523
20122
95248
93101
87310
49654
5423
7203
67624
70780
85855
77089
55078
55037
86280
77340
26522
11337
68981
19735
68282
13420
92206
56765
2319
88539
86824
11667
50160
53359
87607
76758
58851
3383
73432
4220
69286
52393
29427
15658
99927
11032
70339
51709
24757
35835
76693
64388
97886
77215
63300
5453
10629
86333
83245
14256
83199
21871
32675
62076
48023
80732
24251
58497
2128
88985
65245
15161
34837
8369
28167
28679
53721
2137
75221
45916
91075
45439
52517
95048
88954
65084
42315
32088
29889
71326
16307
55449
83591
8334
34471
48849
57470
79624
16939
5862
70329
18357
79946
33367
47044
57872
10177
85864
53662
27468
87860
38174
12744
33848
1530
58142
77527
18670
94214
64
8287
68386
93030
10545
45228
72858
23515
47553
75524
98135
45443
91545
29542
54093
77313
11562
80078
19617
14670
23975
92471
28037
40655
94569
90743
65811
64536
22227
12040
87592
20349
52407
26824
22372
52317
13573
51882
54402
19744
34526
3749
93839
27012
73831
32563
78686
40962
72571
35195
60657
30870
56755
89012
86823
73168
95963
43607
60443
30994
14024
84278
92311
67478
99151
61735
92586
64379
73413
36895
98420
62449
68985
76264
44827
16933
1988
65920
85331
24116
91458
31927
15688
95275
3004
17978
95932
41688
69725
91442
24230
82440
30000
17042
4162
57425
36336
96937
74321
63259
91584
99102
94252
9767
81897
6720
62381
64791
69629
82036
32300
14916
18698
50467
79980
46838
24051
87129
98074
59209
49923
13105
2596
25049
56669
33120
45467
18992
30577
30608
54564
416
2941
88639
92936
75643
15664
59909
85229
71793
14442
11396
89711
94491
76493
37233
49185
44678
7930
36439
50656
96671
73453
18641
2962
26043
87502
92159
36596
21966
13658
82965
19676
38693
775
76002
14101
3998
70140
97855
38838
49897
36963
12387
73977
22183
91877
39606
88105
87580
33253
45130
21297
83630
47113
74894
43786
55422
63483
87730
71966
11622
33703
60939
84832
41454
2691
96031
77162
27039
3456
5426
25358
83671
39694
1391
72116
92308
29260
56639
12414
82050
32028
25369
61928
37341
67814
86166
24979
48483
41266
56019
65776
82106
29305
1983
72543
94844
84740
12674
74711
59321
97111
51183
1195
16549
81631
75359
70138
23968
90669
67010
32772
12482
48827
38974
92196
37123
72262
48641
75850
15219
79377
88896
37335
68918
5771
86668
35364
96366
41127
33028
2219
71433
81349
3057
37856
13651
91916
26233
48925
81539
39487
23271
82151
53091
59672
33792
36234
40066
83544
59660
53591
77260
246
33440
91612
53105
15528
52111
57811
69476
12129
1277
28406
59311
83514
70295
31868
84051
50183
43634
58398
89090
5365
57117
30564
60405
79087
12708
34194
89432
27184
38485
53107
34965
6849
11428
24795
59935
80727
60991
40601
16927
96057
97087
18039
27042
6622
61289
75231
92980
21005
69606
42707
11347
52925
75387
80249
43389
70462
35724
34441
42871
2558
25044
11823
9751
75498
99991
81509
65164
30768
20229
67980
39046
95567
93299
73163
54514
9474
37354
73591
40579
26435
93110
94991
61395
69215
67821
23606
54434
43968
35082
25195
23980
48866
67885
16553
37799
8269
69264
31515
34347
22138
59802
18108
22876
7587
76722
51831
59170
36677
37977
97570
63416
14969
54830
32412
76252
16458
11363
74428
73994
16052
47914
67228
64522
64116
70775
20674
3195
21190
90830
71842
29663
73539
91588
80016
86688
65840
75811
14727
74643
52989
56994
54420
40951
89264
25414
39958
97933
8435
87917
59978
73128
52406
854
14345
71899
48058
57867
39886
39029
67046
76654
19370
71585
88883
66230
78231
82694
58756
53311
70559
50028
98245
53057
22280
80550
43315
62480
81853
12451
86335
64540
53074
44949
48408
9300
63355
17924
79534
97839
26021
16367
81524
79148
67306
79716
9973
71954
46407
64831
86577
80254
60054
41578
82112
15938
98184
29134
71481
40974
98740
76480
38563
61622
86892
39349
65659
43489
1535
80251
13971
20307
1854
60649
84458
7342
52950
30725
90123
6930
15031
4529
64590
1214
28515
95972
79960
4458
48067
19532
34284
47794
58873
7452
57183
65122
35298
46819
59111
11698
38698
84052
5411
65062
68115
87953
60417
58393
88966
49100
28647
63135
13801
68422
55033
19821
21878
207
10312
3785
20787
23068
95706
7660
61156
8799
79793
88504
15599
35688
45242
61732
2834
8596
32925
72813
69135
91663
88741
43998
89141
16140
28283
1731
23819
23445
40311
11414
2825
8744
89003
32759
88775
21126
71959
62238
82391
76228
13319
91629
9734
68476
49071
67852
2859
41743
29173
9705
57750
78818
31451
57261
85144
34594
63143
65244
79831
2533
22270
23695
90834
89915
58785
12566
88163
3539
86021
10721
82674
10118
54456
21304
83842
49402
13523
30912
90089
81587
96730
63560
10186
64770
38126
76352
77801
4258
55183
43666
50756
83851
18868
19359
40749
56298
24188
52124
76005
43318
70001
74139
68623
94250
8426
22859
10981
16999
99751
59400
66774
78040
6988
9407
65783
48512
84615
16838
20010
92015
44061
29493
8438
25821
23329
4368
30108
16334
42402
12020
51224
41710
2165
22308
45058
22287
75645
44391
10421
79045
49484
27955
411
53403
87862
81318
93944
4018
80784
69714
5472
1010
50940
11254
41793
41162
50667
1861
23357
42680
51825
36113
99075
43554
27736
43007
57796
5594
57955
76529
39680
72927
37836
55777
37164
40600
60490
8665
32827
91900
19440
85795
50954
92657
74953
97264
7287
78548
80839
96994
13125
31371
94693
53350
425
71583
29740
37816
8913
85495
86613
59457
10360
84135
6923
37626
86374
75015
83083
43305
60222
34419
13106
38911
87627
82497
91048
93691
98021
23027
59977
31276
48365
49663
38470
5227
28080
11243
36721
93143
15010
96546
65546
17569
80569
81187
17475
91494
38044
72837
56569
3320
57774
26004
17943
83958
38337
18488
32612
12676
26885
52556
479
15689
672
2943
31721
85993
47069
77201
13471
54816
83511
90864
729
5746
90048
60677
10816
81640
57728
8679
44966
31373
90143
74019
18844
39326
67170
33296
49311
39352
41034
29357
57561
64838
12182
10293
91159
87463
7518
52782
52200
19711
66025
37116
75986
48554
90504
69541
96589
47381
74613
80358
23731
51197
3354
59456
27269
39171
95870
3519
42071
32122
90591
19429
97340
88850
38358
41450
41944
79011
44606
79955
40090
30033
14938
68509
11276
53244
34238
92173
34395
47377
44895
78039
52521
51528
11651
97999
65759
26403
48584
18920
13323
69156
30908
41782
11782
60048
63297
94413
93267
84491
52758
26779
62131
45139
56867
54750
2705
33042
82174
35414
42469
51167
63597
45182
74973
24140
9288
5251
34274
64464
91237
13518
22498
21076
34836
26783
87275
98585
23727
13324
49899
97836
30770
25893
97522
9019
86223
16932
48587
42584
34034
83235
13628
12700
68541
77626
41330
75415
6229
19732
798
1020
60019
7704
80268
68886
37141
93508
48861
76420
7823
41499
64489
34553
30708
16180
5153
16515
47757
64782
9771
19140
12617
65427
37500
61279
66160
33767
85244
12065
84293
44494
88299
10877
91289
28579
76172
48170
26542
93618
25569
32285
1687
18929
52340
81893
28529
57853
1232
39103
56954
45532
83709
35302
52143
95891
61282
2857
20562
48779
66987
81161
81387
95799
51256
78704
56366
53626
14263
74235
22865
46764
75102
97543
55011
81459
15520
5120
52709
70619
47535
44645
76768
38105
40179
29940
25228
57082
82870
7014
82158
94596
47117
39877
25219
56759
88406
35630
63608
4795
45212
70058
75627
17365
83939
97976
21007
95516
96648
74349
35584
87766
87244
99741
46272
73535
30981
96884
24744
38263
52185
45590
63127
4336
68666
44517
67266
43997
68982
58834
70874
79797
80900
8764
26382
19375
84833
34263
95537
22176
38566
89013
62650
41058
37499
20770
47182
58023
64594
67433
65921
86859
64103
49781
84351
16322
62832
61952
6734
81252
20584
95506
98565
91214
76281
16948
10850
36208
55950
38091
85053
47022
63939
17335
53243
16016
29333
26305
42450
16807
61105
55297
38084
8400
81582
45708
61466
82778
89666
17676
30711
22590
92624
23477
36831
22100
6998
47222
61119
33073
19376
61353
1025
59175
55782
49949
27655
80746
12743
91069
80431
17825
13040
63202
98895
26872
93650
11780
22648
61015
44105
45543
53217
54723
4594
47982
59423
84555
20450
16866
20911
8128
9097
19063
61924
96317
81633
51282
41364
47435
24206
4319
8988
2821
6419
56440
73565
58031
57991
16205
7668
63757
64480
73596
63060
82315
98595
72067
57734
49874
16246
90232
11389
64086
34894
18213
7424
74649
85289
95112
14353
58143
37658
7069
61182
37062
38971
81712
24707
48600
48057
32774
53267
53500
14688
45691
60066
35579
95059
62259
28467
94628
64174
12242
25825
85066
22239
57534
62919
66800
83410
59613
27749
35777
88779
59844
64057
60466
36509
48204
35301
62116
65688
96900
80685
34901
39194
66413
64726
51575
97654
23274
35857
91592
36747
18205
91716
30144
79130
18228
46034
20679
31775
48202
85770
91829
165
9936
52301
24696
47028
70671
12606
29128
58590
57279
59306
16274
13318
83345
35231
20690
96793
99762
90192
76147
92124
41744
3599
38523
75496
35527
68744
46156
30489
38774
91510
51634
10970
44649
27934
72965
59327
43219
14991
5674
63706
84018
25355
14537
64451
33794
78403
7851
12248
47208
69663
76488
8316
93135
66544
37586
52441
75664
98100
82657
75817
83664
7130
57447
29497
71364
10630
73103
49548
13009
56086
31568
63201
69886
30724
62969
27017
70220
89037
38550
98419
65178
32988
82742
45595
70042
49676
98898
78789
32663
12353
14255
87030
10050
35774
92581
48666
12
67148
22361
66422
13533
57790
10406
42241
86856
42165
26223
20456
39991
41853
94573
67950
29102
28983
14608
59341
4971
33866
37728
12571
6263
42053
1302
12902
72743
69884
79824
71687
15006
23796
31315
28323
51321
41786
38587
21704
91332
83895
4371
11492
74783
58802
9909
20347
93237
40411
75542
38259
87376
73328
86366
51410
79152
9528
52873
65572
34486
2592
9322
46814
89519
28933
55056
16287
87140
69799
33383
44959
28788
15496
27123
11613
15719
89839
12905
3186
87734
67663
2380
61690
64935
52749
25128
69267
42786
69190
34018
22422
33166
33579
12371
31808
13650
18754
79912
50691
25866
81294
5605
11575
8048
45324
60385
5658
52400
20681
64432
93783
92677
31955
45817
65738
92763
43616
57992
11699
47673
99264
88610
28327
87761
21079
12857
2217
97470
76734
39476
84656
4752
81007
99481
34744
92359
15490
15020
93522
73101
75138
56870
1203
18260
12976
82124
27626
4812
28512
31194
6790
64771
11779
89344
99949
35589
15823
59645
42669
71941
33462
25877
25292
71697
55193
91918
27786
6119
42714
82339
17665
28760
15218
14886
28214
1452
87787
69165
42853
37784
46990
18359
57295
22248
27482
7298
89669
9714
8188
27525
85454
52472
49213
66363
94685
99617
32407
12477
54964
29967
39282
14122
66030
15076
15032
73547
17675
50113
98961
59638
66356
32952
70265
71576
86321
183
72546
18051
57370
73308
47666
13803
78903
27359
38438
57861
34532
65121
27035
26841
49619
86770
32253
23434
84183
25922
78330
37348
89938
45227
50347
40450
26002
27301
57831
30797
22323
15436
11680
23856
67736
72090
977
12225
15088
32489
13456
8418
68268
66457
13757
76531
92213
12652
87929
8894
99065
25419
81551
38357
12374
11222
15022
53380
47394
72285
21371
31523
51827
73051
6430
33607
97993
37407
7750
73251
40285
95477
27519
84681
60883
52836
83652
64808
94137
58299
33839
80771
37222
20592
59892
98767
88951
86832
38912
73177
86297
74477
44930
84543
49286
9353
68727
32859
20465
30095
12989
3946
298
180
66236
94294
60278
80562
47049
52036
89787
72057
16200
94362
80869
50350
6818
23762
61608
18942
13281
76176
81324
89134
57908
1060
70387
84049
37604
85933
38341
48163
79934
93403
49824
18254
85186
4755
68616
56831
27049
15313
2472
92725
27453
78970
20130
12612
18153
20646
82284
97197
29270
52906
7666
35263
8815
19866
77154
55556
33358
72855
88362
44591
81701
6070
11807
35099
41767
22096
83571
13798
63673
3999
91415
53119
54999
31747
15483
64775
77748
25677
88909
5398
59283
31210
32578
87303
49337
79869
79966
5070
93206
80464
18919
32926
72998
97085
61803
15974
75745
56010
57581
90801
27887
5953
15712
26473
95790
14843
76808
42687
12671
58655
64424
46802
56517
29906
57453
65569
2008
28842
96285
69272
39800
17931
87027
75413
62612
3241
55801
86531
73174
18640
28765
89107
8153
51464
88004
8163
71555
2122
95301
75438
62922
91451
62411
86508
17130
86355
80182
44081
30283
94557
56485
10298
34954
57828
68070
22202
54857
24269
10174
97245
4050
6938
30383
58218
35549
41195
94346
91320
34156
58007
26704
81017
56894
11580
71844
94716
45344
80394
41566
68201
58670
6148
79220
16955
30072
8535
47820
62785
78385
80316
34286
99605
41346
54894
18683
83718
62005
99579
86064
2453
35056
98243
44736
31160
69110
59577
20785
81151
52191
55243
73115
73237
89101
56592
89193
76911
65880
61708
19321
50972
25626
29830
75033
20552
54168
31070
19700
63114
30102
70509
4657
55479
48139
54277
78320
72055
67056
48134
534
86992
32103
47440
6167
22629
9021
26391
79155
12997
73043
70956
62335
68843
21980
97655
50800
23803
81552
31650
20624
52480
1675
96231
84466
26441
64121
43443
24352
65429
81284
70511
83533
46062
68021
86327
61781
45086
56701
79724
9577
30019
37258
55878
35121
86538
42300
41760
63335
96155
31198
69564
30490
46502
38739
41423
90773
54846
37128
28480
69172
78109
2841
684
76945
24627
43760
11060
33509
25092
6323
80093
64864
84770
12677
44637
2366
19349
21257
48
72264
61697
76088
51070
23738
70788
8306
11412
91693
2102
83944
69225
85366
84895
57941
8065
90442
55075
61958
24172
34765
21556
62138
20124
90450
92441
91950
65085
77359
85821
5247
48184
67548
71572
45535
7028
94051
76040
74043
54409
83635
96945
97546
86151
54197
8433
70698
20779
25179
27066
56037
35356
1046
59276
93654
97526
89523
26523
74848
52509
77868
71206
30820
6015
10074
62064
23020
49497
53624
78316
48346
61040
69810
59331
83180
29650
46794
94547
4712
73392
16290
28585
94406
90231
39807
10610
79259
24498
11757
79311
22221
56604
70543
12316
30219
14730
69972
43482
63290
8244
63935
26902
20011
52070
72093
15802
13137
18938
14545
93000
75764
77413
7315
5976
83037
43648
16636
63563
54711
94274
28345
67467
81797
8074
75723
57786
36013
28873
2439
56953
9883
50793
44742
48069
68047
39910
66931
79719
8509
51545
55211
37267
85845
50315
40725
304
14617
20573
21148
80396
18535
42114
51803
60834
12458
51776
83893
23817
9236
1405
91449
28942
49419
80719
7321
85311
49027
82918
22109
92577
6812
79190
62491
90582
95389
42401
32181
75497
24036
7478
40886
76029
88826
86722
76845
85775
47094
70109
50322
49966
65301
83453
32730
13643
84485
73846
21365
54637
44972
81934
84004
73426
56736
42731
34487
13970
17697
88725
33865
22494
84583
77719
95574
64182
79586
56552
3141
60984
23554
89804
65828
61403
46567
80951
49275
4074
42819
67832
53213
56033
7239
45693
89593
92470
39065
21434
15831
34144
45418
4973
45233
23306
55081
35417
4040
91891
11079
35239
53776
55045
44890
36724
69498
46673
3483
89654
87544
87007
66282
22799
71608
4047
71076
69961
18603
5317
7840
28140
84925
77699
94276
30689
84868
45772
23190
72255
85686
13977
52631
95391
18533
77415
50428
5064
77644
77175
93464
54624
69226
7237
95086
95435
41839
56077
24319
89410
54318
98795
91758
40230
14630
85788
29380
45827
52374
51583
13285
94376
33347
31565
38071
89767
60773
15292
75062
45388
85628
22786
42844
37915
59430
96130
70027
35068
48930
39951
3036
49094
51098
73342
87742
18275
85099
5680
17861
27714
95934
71486
55427
73220
27262
9346
33316
6575
97635
73304
81124
80068
18476
77608
20049
70590
45217
88919
5452
65259
28400
58414
18564
93213
21593
36154
64338
87623
72148
79594
76789
45448
53857
23005
32843
58230
46499
34423
19882
68587
93752
59852
50046
45074
10797
50803
82692
29863
61777
55094
45649
76024
58389
7994
30254
77003
36528
40950
45684
25439
89819
7675
74847
22364
60213
97090
73002
41777
1153
19452
28195
93120
3239
91608
84182
99720
28215
69669
35489
25771
68117
84577
1740
71565
70461
69601
58555
21945
28825
31982
60873
3084
77310
81771
26222
55644
83914
95992
54075
38516
46229
66054
79954
8447
46212
25574
15345
62081
99882
1957
37906
4982
20663
78183
97663
88409
37983
65193
97503
81256
18794
90498
5882
9338
12426
56678
91672
20217
12396
53125
30613
65006
30325
47732
44854
30739
35684
28664
44523
24518
29324
11629
73152
93585
48237
64429
12726
37665
83562
59657
24061
12292
46021
82409
67379
40671
48476
6017
41334
53238
29327
11459
84734
13683
12403
76798
99413
95447
85804
40265
51427
99743
89843
3916
67327
90043
22032
31546
91862
47864
15454
87427
78128
95982
74958
20809
66227
73802
35124
2988
49083
91967
43534
33804
90098
9094
46086
58668
47908
51936
87076
22550
40618
49812
99460
93165
41770
20813
28350
83353
59130
8428
98570
30081
71423
8875
98965
39780
66012
99745
23527
45739
23486
56450
29875
33990
24976
89831
16798
27678
1117
94796
13480
73144
27835
69696
71715
96534
97888
29243
61704
31098
33087
20869
11630
59181
33995
61141
95234
8693
96847
94187
31728
2983
61471
36204
20239
57072
72787
39685
98354
50720
20066
58866
29960
49163
85413
81493
63719
58648
39049
54576
81616
87208
24250
18484
16920
4766
82944
10036
78883
94917
85698
68481
33223
74851
38512
5385
98057
26215
11052
13030
71308
81417
89867
95952
21660
93016
45780
22873
63638
94964
43285
96013
10307
50087
54751
23318
88429
45279
63864
94349
45928
6240
89265
96022
84327
50088
5722
25988
32355
21896
86977
45306
46151
47250
96469
35227
25050
37805
90127
33746
30060
23332
94920
21957
21863
13284
65771
48220
48387
36830
10953
77984
23465
61423
4740
19718
5988
76112
39866
48223
4769
29051
22143
85346
6375
41277
52005
12713
92989
57926
87490
89797
74942
43131
53211
19153
79003
36442
32655
63192
94620
18244
76279
56861
30148
90297
59944
70310
11448
89834
66396
28872
97074
70614
79792
31031
51011
90745
85721
66861
43134
85603
27698
73908
26057
84100
12953
19554
34481
94448
16548
80038
66562
78989
32358
26193
24439
61883
35610
47270
80855
12852
22399
55216
98342
4034
31921
6543
87046
60318
88650
53850
16799
21045
27352
20743
24737
44195
55032
14917
19381
62535
75358
73394
33692
79990
1824
44248
31132
91832
77386
46299
67360
34187
25110
33789
67797
59185
82654
14447
27459
81038
79526
95725
52679
51219
45507
60193
87319
20446
90671
94005
82150
86686
37911
12436
88710
78750
2976
76472
20491
90682
43080
67294
8222
48793
96492
31768
64372
6277
80418
57870
73903
61913
87223
53511
21502
96875
64058
58438
22440
61343
16562
77542
49718
91035
83215
92780
65573
25741
51525
75164
93131
79429
69235
90184
43958
57881
46400
32667
76869
20668
14289
43126
10612
1697
30753
48697
43339
86006
17917
30760
91058
78404
46941
79312
92860
83382
97657
1570
89508
28892
11182
92278
60368
72732
43964
28986
63625
52658
19600
64601
22326
13226
88684
79035
42112
26490
56259
55421
93895
39304
68853
95828
95573
86411
18555
21803
38197
14781
66205
40200
80111
84340
71273
15843
11289
25391
99259
16244
26271
28843
79345
6067
29598
75423
22721
27167
87338
4189
39412
33337
38851
1959
73870
74017
60130
10728
21296
17242
70540
61069
99211
15592
52615
13253
81043
79163
70296
5069
47584
85897
59591
78311
73368
89665
67551
26927
63680
71550
89305
85934
78854
72178
7929
66190
70449
51766
28162
53408
93695
81325
92590
40216
84315
3444
43359
34081
32466
66921
50026
28277
80201
69744
69518
2185
90509
27727
25997
66533
58721
55455
38020
90407
47545
60315
82068
27546
71635
44255
34828
35468
47452
5024
86800
27680
33625
46801
24691
65807
34662
3352
33282
89704
92724
57550
75407
56967
77928
1981
30427
70539
56306
14563
40307
44496
63861
48135
27046
83517
72755
88032
22244
68566
49766
75411
20978
30387
49740
8126
71209
19101
51128
46937
7967
63911
39157
67666
51921
60022
5189
49019
40688
95741
64596
38711
61221
47024
12830
84822
76727
3676
43680
34691
42284
88580
94027
70576
66367
38895
80646
15676
26149
42255
54332
84238
55618
79004
10096
46255
89030
81924
90163
31531
50497
52810
35784
88928
5575
51086
87179
88543
55228
36566
71117
28979
24542
60073
75441
17027
1563
18441
58011
13639
40151
89400
63413
40297
33626
3010
10831
51223
69123
68399
10865
93821
7458
10378
55790
29094
79748
40907
62589
36343
36775
35875
59122
3694
62279
94373
34563
45903
97995
9711
31096
96148
52346
72701
27779
4461
21942
97705
69734
61224
55582
27895
37289
41899
88692
53596
61881
42614
44256
58664
77136
9161
40885
98410
99107
40882
80968
49506
65754
10094
99933
76612
21351
77996
17775
90394
896
59764
71912
65319
92135
75895
7774
22814
53533
3648
9719
56866
15459
16839
88401
3980
1853
12960
62031
77563
62338
37434
57713
83082
57450
48574
49376
72034
33551
98669
98693
16598
38661
85052
21421
19178
25642
91601
76166
23336
49753
76122
73119
89807
23757
52877
44917
61425
72087
53671
89923
19753
99401
17014
35595
1899
13534
9954
61723
43160
4988
8575
70768
5462
14829
78218
87157
21092
86837
10689
93917
98423
19845
18371
78770
13046
80490
34305
84232
39511
88109
11091
98010
1289
27584
37607
89539
17906
55309
67524
56488
41239
78068
59290
19672
62301
24056
80801
70993
23650
53262
39140
994
34643
32480
2426
68640
19096
53519
24658
98872
51981
95650
2696
89138
1623
51678
36378
64857
86501
5001
75106
34517
2730
83243
5330
9554
29864
34768
7449
39422
39124
92999
41572
7200
63936
20854
14982
2514
50695
84985
98838
36975
26951
72387
67245
68539
45749
3592
42291
71751
5224
20339
70385
41751
56247
22896
85674
54664
68914
48273
85224
36575
44165
56543
29990
32629
61926
19908
67669
27067
35378
97005
18415
36658
62228
87378
5927
93192
42440
62189
4140
88367
26373
76800
91488
5721
63997
96625
59450
17613
4730
46321
23541
11415
56050
32216
24809
98136
55257
83698
32767
69091
27082
59781
86717
45975
54715
65698
32750
76444
37494
20789
32886
57027
90038
41316
24965
60365
1131
78367
24115
73754
73992
71906
75722
99685
8590
43924
87528
65768
62538
63258
25052
30226
2424
77020
45922
63523
84366
78026
84970
54917
11600
29124
7654
44718
81838
2409
45122
73481
66372
40336
79646
1594
34312
40732
45059
1250
543
690
32464
35652
99649
261
20876
62643
28734
560
38290
22673
16183
23941
67861
13530
42391
61931
34127
31431
87777
95392
75701
78021
42601
15576
6902
88855
15257
34363
61739
44389
78273
44425
92764
96295
46590
32861
84903
2054
61322
25021
6985
82058
95403
21759
91645
95056
60860
12568
76846
29030
30106
30584
99517
35194
32645
55273
35890
66615
96784
17049
6708
7768
74949
32374
91248
72206
70879
53554
81998
59077
8345
34031
93994
10218
33747
54211
41328
25672
90381
13492
66280
68745
50310
18845
8984
16952
82015
85641
74781
99958
30068
5992
76378
37380
16931
93504
76484
21115
31434
66311
21698
20976
67074
76586
66463
13783
47281
45039
85007
48400
86540
15632
86944
40924
95975
16976
35750
60833
93419
16442
37245
88415
93340
65318
88972
9231
95088
75124
94863
87486
91461
62873
91094
34287
15396
63598
60075
11244
19344
61933
87925
48477
32124
67362
99853
91911
2449
52723
65939
33419
98847
28250
65599
13134
9591
62918
66720
97456
85633
56570
92974
4353
34092
106
29231
64279
62766
42384
77036
49810
19966
32167
26052
79484
76455
76481
7791
14901
2955
37370
72889
8467
79601
94319
18027
73764
7026
50140
18122
78418
73989
77239
39294
5690
87496
38200
88098
41319
17673
45040
968
37972
57654
9127
71763
16532
40347
49673
65508
49490
29341
73078
1440
84427
539
83033
81936
40490
78411
53663
42958
19332
15051
80546
33449
82764
98146
28973
89435
70136
42107
91643
37253
40552
6861
64329
60133
71160
80644
84347
13029
38009
80678
81492
96515
56317
84899
74829
65135
72339
50258
1022
90976
59905
93341
17925
60694
59099
4747
1848
9329
98817
63905
8208
14359
59582
89512
97405
36904
88574
16638
4377
61971
98189
67656
70340
53150
15512
2647
73492
4388
80373
16724
12549
50934
76074
43296
1311
52242
47656
58035
26821
89130
49246
28328
43303
17455
46205
16293
40371
44636
73108
18277
56121
85310
70185
97454
33587
63627
44609
97483
47005
10772
39219
34830
37785
44708
56393
9654
30864
68145
17186
94204
25223
20485
75712
18519
32157
43232
7906
45938
1962
18967
92344
53054
67834
89050
73040
20341
89121
24464
15888
97956
33104
10021
9211
80299
15183
7212
75257
52851
98014
17178
98491
14189
15480
51517
94004
18095
43596
10304
56172
89390
9824
97936
53580
42897
81807
66769
85109
94031
58172
13207
99524
56877
18165
12032
69073
30987
56585
51247
55444
31245
38227
5762
76233
73422
52740
43811
53052
54473
97842
86463
94024
15643
21920
75385
84138
32765
45588
25274
33366
99898
56824
37274
90327
51750
71943
85678
792
69348
59545
59416
48386
78029
54054
65095
90611
52360
42590
96618
5311
27381
47398
83788
58274
68508
54036
1579
66331
70762
4929
32085
43519
95013
8007
99088
79
83810
93864
1413
51848
26629
84356
18973
22914
84085
82811
52928
43099
77140
5612
29092
98293
55812
64747
34072
2256
27388
95267
3068
73375
5694
39444
83210
35407
93026
84835
15913
82935
67341
75678
71568
34440
26915
14900
67163
39733
28378
68166
44525
36284
10854
39338
83442
98512
86369
95812
95227
33805
49730
49428
39656
75113
82349
47958
27815
31207
56164
64945
99852
96321
89838
95884
75603
88153
41303
16538
94691
64724
69935
11603
91890
59424
9140
15812
19645
82422
62687
92032
51739
41984
87265
63324
44695
1231
95368
26808
53437
2039
98208
58509
36620
32797
94945
82313
86672
56935
79630
90003
26895
74311
99369
27734
28840
94434
82590
80140
25479
99506
51262
67445
62851
26434
6524
8474
43145
15611
74448
16305
25973
11379
43257
44129
80763
94473
91433
42796
2733
28903
16150
92127
13841
21269
79244
16811
61084
30954
67277
90170
35281
82102
5281
11105
49073
20608
54537
22316
39074
59849
68077
99342
44069
78271
58106
8730
43292
164
37905
46936
81527
35766
16267
36396
27072
16241
27180
95848
20551
18658
59
95047
6412
67166
83430
94526
35305
44009
54145
49888
74940
46328
36112
98516
43496
23841
24124
2985
42888
7584
4369
99561
45380
70757
96904
75544
74113
40716
42024
47528
60015
21369
48168
96
10497
8782
90051
7391
4308
82370
79605
33510
49266
7186
88126
46798
22655
9696
68548
15073
88072
51814
24681
68374
47124
37119
39707
60514
17111
22283
50841
32023
87366
5626
39210
82063
69855
51307
71071
24714
57285
36760
89976
11216
39708
18799
42288
88696
14239
51171
69325
63790
71113
95417
86509
68443
35903
42592
72314
92754
17145
34920
7416
91719
87170
1704
99635
57855
18157
9297
6541
79420
40076
48981
38130
75707
26886
40395
19372
96912
64859
12441
26454
22822
99915
5475
37698
96309
47408
70863
78111
18011
69980
37912
80897
47358
59489
7022
77227
75648
97053
79175
45525
68441
42599
24374
59390
72326
17552
38103
52954
43097
65714
90159
41081
59110
26318
52464
94378
78103
49500
28639
73356
51409
53583
77907
35248
53137
79268
98820
57966
44942
60531
31667
68573
24102
24953
15189
40497
68966
85648
21746
71547
4509
54957
48567
85847
76621
88938
6218
61563
61128
86231
40259
48700
31649
16366
18676
3416
74289
12253
34183
38694
34068
83741
55562
81474
85387
16407
83127
70369
37654
99725
6527
22387
74910
61184
50466
49872
64907
67799
31558
39640
39380
49685
88080
31272
97155
84798
46793
78558
35769
63834
94800
84236
11714
89866
29218
57361
41125
34170
34020
85884
67221
66914
28571
1581
71673
129
31344
41071
20558
13800
42007
72747
95675
21224
14744
67716
91446
31981
16624
27344
30629
8214
51030
75274
54359
57834
30809
46586
80814
70546
86117
71216
4856
90786
41507
63549
2565
85213
89868
45105
45314
21903
76897
30715
35015
29466
11346
31412
89408
84676
20896
6738
8687
9350
90425
33769
25858
48485
25659
72730
78872
60632
86230
889
9841
5399
46283
33991
28596
38762
25992
60004
82622
21422
72728
36786
42547
42350
12392
72761
96034
76853
21072
62137
4532
95044
10573
57369
38528
9274
30713
23033
27962
88739
42273
9330
4473
61175
8107
9398
41418
19897
99601
64828
6307
63752
17254
38317
94316
44662
24520
67473
73300
35458
81914
18520
59183
65950
51792
26036
58290
50703
1333
12707
1647
31737
11265
79046
55882
81990
10440
11556
87773
20709
43336
26327
71155
82699
79452
98909
84387
80964
36359
84373
48785
9126
4574
59576
56384
42827
84099
7268
41426
46098
21722
30255
41882
85526
27165
16868
13632
8537
22715
85966
91772
40895
16599
53801
13677
25776
79331
20235
60819
46457
99541
8340
34671
40444
17693
6856
29284
40765
71513
78925
43698
90273
60643
31992
30421
30549
72358
56457
52869
4321
65818
83133
50132
12569
69580
79621
80904
27588
45529
86838
69991
66910
63249
91549
37733
23356
29836
42682
55473
84669
81983
9510
29545
92458
59379
74508
64880
17459
16987
26378
30802
62324
81895
68100
62040
1221
39134
48317
14943
54264
94602
85101
59466
40969
2078
62794
97947
21091
68325
70282
72613
20073
29002
62437
56988
49115
10555
89931
56112
18368
61452
33116
70568
98226
42906
89516
41871
12351
45253
28688
88207
98694
99098
57400
65375
16250
32308
26637
80820
23944
3647
85390
6081
18891
81169
26541
99135
63452
77421
57910
90799
39406
65658
48728
73245
92739
26662
28733
75075
5939
42896
32792
49326
27473
75635
21557
76961
48424
16828
77237
44465
92863
26242
64455
32231
94267
53215
476
18164
86184
3643
17824
61945
57404
46611
21329
35860
27787
5408
5234
30274
33353
75471
44924
17899
47546
11535
18858
73267
16122
19196
25449
24477
15325
54669
92038
65907
7151
11730
13108
73693
27153
28409
71926
25342
65558
25578
16654
73227
42230
11335
48149
67278
55256
80837
60117
74292
83663
55352
41088
52787
77250
74215
46997
15629
31757
29898
33451
779
60046
92534
92247
83937
79488
69206
31321
12837
7027
55414
18855
65512
66452
49447
14858
40312
4660
43588
54375
27415
7437
55372
66287
69594
12630
63203
53737
20453
44471
67012
76042
35503
78530
24780
481
69843
14057
68266
77241
610
63932
56326
51881
99159
32512
15312
39372
36912
40518
87197
67908
81085
92992
46994
13025
60560
71224
63286
86972
87806
21063
77512
76640
50501
15753
30771
86769
63615
31309
69539
1137
38955
36931
32670
41368
84564
37159
18268
25930
55891
14905
39825
8956
61898
83012
85823
80057
29328
4792
1901
74083
56129
42956
91445
82107
31824
39941
7773
94356
81568
45635
92776
88237
16977
64553
28047
49498
93218
51902
58076
79402
83917
53050
53134
96964
5341
99930
98046
26709
77490
17913
73721
70497
90282
8934
72277
91455
29845
11063
9625
51863
7364
42679
73640
33049
65004
99261
33791
32380
98139
66015
34826
80164
73782
82895
46285
96280
7626
29609
47533
98241
76108
92922
99137
4504
62570
62594
45795
48523
67942
86902
50349
33429
55346
8540
52497
75377
43656
47220
2351
18247
36789
88327
86126
56200
38897
40372
58916
69524
75416
98360
69834
12494
10583
54282
14297
29829
14834
47
57920
95971
36948
4605
99126
79804
94846
91657
12354
10135
17308
87415
29627
8664
15113
89006
64564
37872
33246
99418
64482
93953
36536
36852
83325
83466
28377
93786
78529
23074
81499
58064
43675
13120
66944
35308
12803
39274
24393
62386
44897
59721
32679
82041
18548
71138
36403
13093
85350
16403
53577
49177
59362
59556
4188
22562
24244
30369
74780
68699
85332
74484
58676
31861
32223
45943
72308
53608
20774
41937
32817
66997
25769
23120
89413
14783
87558
28771
20337
56553
62558
54106
55921
88042
88158
48759
38095
26961
27676
73312
17043
4043
56611
85811
28932
69515
8750
99717
52574
87473
26394
35908
83877
11119
36379
21838
34220
56794
43679
72193
22740
66918
76106
96629
36241
68262
23179
91602
44730
52690
6886
20503
25182
34328
6600
56193
20493
25549
29088
61336
42065
78680
64030
71274
80875
16245
98499
6695
30997
32616
43469
43454
39016
84520
2869
56613
2901
68215
69801
36257
45399
3147
21000
68458
77327
79758
74435
1707
95203
83802
40380
49033
60304
64918
52884
83770
56330
23224
61460
37523
79698
73910
34766
62182
15321
637
26369
24360
11403
86329
55776
81429
76025
2180
3881
14937
51915
30500
87696
51236
59818
9279
74129
68507
16425
1564
14214
76996
11612
25516
18814
49046
51565
93157
43585
71515
46600
24267
49060
46291
89683
30506
19058
39105
27126
84115
26679
17024
91165
66753
28963
85379
87152
40734
89140
59534
26067
47655
70887
20214
44805
75370
12645
52635
12442
19932
44274
55946
13973
66991
69733
329
6580
86362
25512
58838
60564
46377
71080
36261
44955
13089
36841
3584
66870
77664
92735
80930
27980
2935
95757
23751
45934
47272
26234
77100
53249
70639
71815
90445
34796
36758
39398
65620
78870
98371
592
55604
90481
82707
16035
36913
31940
22426
75880
49383
36932
32032
30469
14343
34264
20617
26148
24869
68962
58386
95232
5175
37590
97864
53047
17020
53020
98248
83696
74481
19000
76382
16709
99896
6087
84271
25987
6292
52569
51513
18660
53426
28644
44314
52927
80524
29275
7709
80422
26225
64899
21614
72411
94160
82407
96564
68425
98648
74855
44
70026
37261
61070
58472
80121
1491
58551
59305
88063
95037
71645
22944
17505
25911
61035
36416
14978
28301
41512
51257
53165
43195
49553
41510
44223
64097
15565
96649
68287
75082
44054
96123
62488
97449
9045
66993
25926
10979
91082
56762
6729
43380
91204
27132
99256
16481
65511
61855
59873
43612
55467
91210
56545
83595
64944
33014
93396
67997
33955
50807
95579
83059
46163
33011
40796
76855
30923
15079
25063
77960
62151
2310
84463
34692
29770
19110
33256
8466
80734
81948
12355
74914
26047
32450
17051
70980
88210
67164
50326
67574
49509
58931
98463
16423
8080
53293
74032
93099
63471
95045
37935
35692
50344
39571
23546
86796
9418
56884
3871
59425
95511
28994
95291
62027
65188
35891
708
54993
27028
71509
1412
69219
30062
15023
37404
94104
76462
59059
33167
24327
86723
90784
90919
14689
14176
71403
47190
31651
19285
4237
89830
59211
25473
51018
68424
89966
38414
52181
54274
77312
16214
88949
24085
16026
64603
81230
39244
89129
87440
45514
26203
54674
30316
65119
89210
45878
63795
92375
59316
77959
22050
8771
30450
7049
65099
57328
87073
69973
58314
99606
62874
98427
55934
83715
3225
18047
43770
18890
26668
53228
51393
35359
39818
66883
11134
23572
92633
90373
95398
62856
19248
75056
57963
20432
25330
11863
23635
41587
55563
99149
40072
44921
82435
78252
86448
72547
26342
78740
76916
51555
87418
79174
64611
89742
85829
93967
86253
39961
37702
3137
25925
44332
19534
23784
73518
48089
19905
53755
79715
89951
30278
45000
42005
69242
13304
18084
87735
70634
63020
97467
51100
66313
71022
75354
51930
19010
58192
17035
20722
82438
42028
11691
96297
19712
44094
15451
70804
23623
64873
90491
68701
56029
54254
57266
12010
34971
21514
52977
18801
89073
38795
34617
97827
53816
84075
94766
65516
18104
97724
24755
57523
30516
97524
95518
61691
65
63845
9214
77164
22448
88979
35443
6560
14599
50905
65217
22982
81087
87974
14464
76213
71009
90299
971
9
70889
81705
5151
69054
84331
57715
74551
14194
45719
80672
17725
52667
70656
82804
85662
55800
91777
73526
89426
9475
1439
71820
10885
32055
10029
79309
61364
23652
99575
95147
6773
87954
39379
31480
92321
25124
10623
64369
20874
16540
86188
85440
56268
72203
37191
49605
98055
55046
92546
91658
22993
98187
83550
41051
40132
28758
94306
51478
23148
28469
45783
31084
14281
38907
833
13590
18361
38403
32795
90301
34154
25170
75510
42625
85896
46041
10060
9522
75924
9733
71398
13381
19523
21239
30295
26876
11637
65139
91096
36755
94750
38225
71187
35318
14636
68415
89418
553
84983
58524
51020
44002
97212
13954
8534
17406
14884
96744
82008
7533
9464
75091
47053
11425
95376
25310
47170
77010
52549
45026
3616
47369
13929
64442
96142
74931
43804
59488
10128
66237
29400
42815
99856
29457
86779
25099
94399
44157
49978
69447
62781
89145
8778
41400
75219
41720
73965
84977
93531
89627
43975
86360
4494
12115
65078
25891
84934
87582
71438
32982
1806
21183
78359
31773
6276
97564
84158
11422
68329
38492
59102
34311
72448
71946
6312
73044
8457
36911
34164
88030
60339
75204
70230
90375
47976
60284
52857
45131
95105
68390
82669
56773
97625
70565
23709
69677
27539
26085
21332
28380
84610
71736
97015
47106
98270
95307
78538
67680
18762
95942
31526
34172
85575
84047
10236
11747
50759
66008
11135
74587
3646
69055
70139
14960
84208
57988
18632
30187
58535
38818
64079
78511
76639
24467
12635
91421
1330
70604
82240
77112
45605
68564
92156
39720
53756
68129
58203
8696
92593
44163
56079
23533
6711
4201
38303
13712
2569
15334
19920
64312
66540
12728
67974
28068
34996
15154
17988
30191
31167
78755
48636
54174
87330
7243
69516
94401
44623
19927
93300
98857
26978
63182
35379
28067
90284
31862
81564
63344
32030
6260
35210
20126
76135
1094
83949
3165
95800
27376
71919
97208
66936
37487
63717
75864
43916
40051
85625
76436
94656
5297
91782
37923
1859
16592
98406
50239
89538
8601
33441
73804
21200
67636
32214
46447
46189
32474
76027
19968
711
22772
9998
93481
64450
73178
41252
99406
71338
4540
91240
73717
78362
96496
53281
17095
79081
12962
49448
84997
67009
37504
93001
75687
65038
69520
12831
79704
35730
68488
45022
44934
14811
93149
5961
77316
29259
85578
97192
30471
84383
85833
47048
66951
75521
56219
47840
3387
37961
63126
63444
94269
68477
26658
99878
51080
31821
65498
4267
98416
50288
69034
72925
98456
27859
28593
42982
89986
74625
57454
1300
30499
26594
31807
14372
95188
43907
48246
22053
28661
87743
78024
60592
93447
67063
32434
9710
30680
2600
63945
32929
70007
61518
19442
26020
20505
43748
43365
14561
98841
10701
97189
62370
59959
62472
2058
4606
57689
13690
2481
86271
74832
90667
80021
92917
58081
15124
75168
31283
11406
76427
37147
4786
13419
76089
70268
29737
40397
49202
55730
55172
41762
87065
33176
52642
87067
89394
14342
25037
15139
63304
32428
52840
70875
39601
20983
35165
52096
14586
40959
22008
46558
72278
79320
81189
84749
41194
3381
13043
51547
91560
80776
64728
66283
38250
60534
53809
53351
95946
26015
29571
12337
62024
39041
18841
82154
72374
55267
78976
78681
23714
24039
98957
76358
98706
15857
20985
38024
37761
54522
20113
65414
70556
3827
46322
7991
22845
25441
81055
4022
1553
79694
29872
18720
31358
32491
49902
24954
23456
19626
55744
37705
362
22792
77566
17996
54249
85182
1571
45288
45077
68695
68128
11608
65262
28033
42491
80446
74842
86039
99794
4191
62863
43163
76347
26730
82073
32830
66727
86728
835
77268
73716
6942
66353
1027
65657
70664
70009
67177
29233
42712
94625
86983
1037
49751
50871
73086
99278
5550
51800
22805
74723
90419
89285
89456
15660
86928
75216
10059
72046
87505
46443
81703
35556
85455
63503
41406
9582
39187
59981
38720
9010
12909
44946
51560
62673
36604
95798
95836
87499
11942
99410
20580
59740
64256
14522
59701
69383
45786
58776
51817
23116
29927
24576
82938
49160
72525
35360
71951
36325
56938
40367
57301
95608
1537
94709
86684
16776
45412
60094
29892
98758
63581
30628
68638
69007
3742
5331
79288
82226
63871
54469
38395
35348
94019
86079
73689
67234
46725
74409
50225
96406
83487
94590
93409
21699
59356
13243
75076
84263
60572
26204
69590
53290
40048
60843
68051
3439
18387
91979
293
26249
81403
58425
69453
46318
90658
69532
61685
32558
75830
24013
63037
16133
64787
72724
12942
83495
30765
72263
92425
25490
25965
57951
703
17776
95039
91261
16271
69510
80434
37406
48934
32301
77383
63025
37060
94122
34623
88236
16896
76915
72749
59763
75937
20128
77454
32187
20042
9501
65340
80097
96548
73698
84631
20682
85271
3089
19808
12592
74961
25588
52195
29408
35042
50410
68963
10817
14977
56644
27432
7189
72429
37053
1377
59941
72385
96819
22650
53466
56719
92502
60894
90346
66101
79075
2071
97756
74026
71521
31838
65386
32706
6826
14288
56345
96070
21149
69461
80465
40729
35894
60199
22123
66909
60720
71845
24806
96026
55298
22447
20322
98271
36258
99948
71320
88499
1373
69775
95041
32611
44476
59066
68992
95171
92394
89568
23747
38675
72098
55005
76120
21042
75795
28360
91990
24955
79873
37618
91384
51179
6977
34320
94655
90628
59639
23728
38293
33927
95980
59847
57096
72058
98919
97974
32260
14854
91072
31744
53008
30433
13542
57519
6088
73085
11956
19756
78815
94459
55937
60840
91567
72673
49252
79455
1565
66814
63843
44352
69740
79961
42684
51734
46200
19377
40403
84585
24959
51230
66136
98606
48913
16189
89479
71271
14971
42407
90713
66342
16793
29205
21128
21869
94114
81669
99215
8465
44235
35552
84559
61355
69761
44340
62528
48853
30273
94200
17229
31652
11284
66768
32386
65214
2998
92117
99984
33743
53208
4044
49838
58239
96806
67045
47959
19289
35566
58659
34858
88446
52145
4975
58739
76259
14274
32195
69954
87443
12785
96428
28875
92550
56606
62909
27868
48844
19
87150
20595
83659
3750
2337
40700
13769
25662
83039
50016
2374
99164
40619
2073
76322
97419
51991
90258
16345
54598
33077
16370
7921
34932
26485
10883
73949
17140
49956
43594
63747
7357
95118
38407
19557
97953
80099
11726
31875
65924
34739
16667
79237
59012
77637
9000
11891
19895
92407
74340
73520
59433
55846
35233
8406
51937
96584
57182
34715
82278
73011
73269
71956
34489
11735
98473
39333
72515
52366
20857
26213
48488
57675
43510
87327
49128
36935
50174
76188
75296
50740
98145
62710
44500
11164
67080
54642
85983
50006
45310
32265
84066
25768
50264
45905
68929
35916
71538
30640
25367
25164
53179
17635
90068
62556
40252
59597
13662
18172
21921
71270
19097
26080
82737
97377
18004
33693
69709
17522
48884
45964
39835
30825
15309
40329
40056
35097
22642
75260
48216
65744
50794
65346
95772
60366
66858
27413
85667
15967
34621
75007
64084
81216
68284
1424
64766
26794
66451
44667
30901
68676
2391
86436
97508
75557
46043
42766
643
62770
50579
23576
27291
4861
55184
4695
69122
98671
58287
8278
66935
95052
13599
85707
53576
59118
64475
37266
30619
44634
55707
93211
48689
82760
88022
63451
48985
86745
77663
91713
42299
4901
68928
13753
4457
83250
17402
96260
25373
17436
28916
56860
28123
32717
933
52652
19765
29618
61797
28707
87731
63032
75024
31525
70288
87160
63081
25795
76566
19194
47691
52299
11480
3104
74112
45141
92858
96132
31639
58816
50528
193
94659
25156
91283
11834
65626
39116
99642
14251
20597
20282
10890
14325
97098
10374
79829
55583
23750
66875
84821
82019
83389
23615
99106
18864
77733
31018
2216
56122
72658
54608
36899
69653
14248
45935
39575
11794
13572
45763
6542
99691
87237
39920
34838
57035
5921
54338
36652
47129
76191
8918
36744
24940
29540
41249
81677
27723
82355
69365
69205
56882
66171
46674
31093
28076
1612
4285
55748
49342
43586
48756
76306
40377
67167
12706
47339
79531
149
93327
33130
55759
49938
60798
90546
61414
15774
77319
76592
99196
64143
84809
40415
32371
70427
87302
73967
3746
44135
61711
4147
35727
57242
41221
96868
17405
93247
32093
6756
79585
96110
46179
90683
17879
20475
52234
48172
94995
30545
34063
4966
66614
3168
98291
57330
27339
33004
664
35629
48426
38170
93042
19224
11638
83275
34752
97639
15346
57816
35299
54240
41966
47318
30976
54713
8360
85113
45013
26488
22551
81123
17945
16083
38264
32478
83632
47672
85806
40133
53798
12303
27853
44617
42879
72235
96267
52454
27027
72195
87816
83719
26695
82843
34975
4238
47343
13821
51729
24229
15107
21099
55875
5836
12995
86588
5019
3818
8927
13316
61648
29155
79336
8247
40819
62241
4030
88762
41261
71598
5441
22784
76085
24781
97583
44114
47134
99580
72408
26600
69891
17163
75432
58331
6046
93621
8727
37888
74812
47752
10952
3915
28018
53122
91113
75890
68785
48240
54372
56780
74714
12961
90245
12951
29922
94466
83808
60295
32948
58476
5236
30139
37326
55964
83721
27350
63473
45108
19629
28179
11169
99837
80215
6957
43316
36827
9740
91991
61090
2713
46347
64547
49639
85347
91692
38814
71772
10998
10939
85009
64912
97493
93927
20886
67894
40906
65849
38328
94546
8424
26963
80819
15574
85416
59975
71066
62752
72446
69645
13477
4357
31850
39078
1143
10875
82100
27025
25558
60620
60812
4673
84200
33968
666
33030
54872
66446
22947
15825
11349
34500
15169
10643
29378
93328
38691
20740
23663
95488
50205
85128
62767
25497
53567
56563
78674
80304
74022
70298
63558
44346
64555
72412
21738
22727
10989
39151
43838
47236
86314
89470
5625
83582
50022
44142
95801
76238
8904
26671
55134
4547
98232
22077
50544
37591
98785
65240
12172
49590
89420
73499
42031
97460
62890
54891
42090
34478
18668
30199
5884
46087
41698
47928
75347
77755
44338
1615
76389
83468
52412
67602
40065
22132
91004
15646
73865
19537
64186
48275
15992
48449
75730
95483
68796
28702
26013
92840
34428
97390
22085
92672
67693
55971
7905
68911
67699
24588
99556
7322
554
20862
10132
26653
89975
16567
29588
41683
6684
83166
45735
33133
78237
52511
35321
74884
39560
86636
50682
97479
11962
17948
97266
31308
46144
24125
20603
98107
40084
37659
13034
7983
13879
25447
80786
79765
80445
68364
53163
99112
35966
47464
38440
11734
93275
65836
97812
57350
71435
58821
74115
77113
9623
58956
68173
35256
31631
56518
28043
10696
52544
31047
55499
28987
17614
6522
23397
82463
51614
97436
51842
19177
11435
36123
63372
37287
68049
63538
19818
90865
72822
68301
41253
78682
66269
40563
14935
42181
69141
93846
53823
18168
88648
67710
24609
65958
73860
73909
65679
39769
58760
75283
99049
22580
83401
68807
60675
45622
81856
27609
87242
28393
97030
16161
48633
27289
5106
8636
47635
54717
17303
82816
92198
36662
91825
61844
28542
9067
66848
17990
15577
87926
3767
3866
41202
45435
77572
68110
22209
33909
75010
27514
66021
90837
23802
93540
70977
51408
94380
29423
32116
64321
10363
49090
48087
19984
98707
53853
25554
7320
3713
18534
11641
25226
19232
46446
8842
6245
74008
41169
89925
27544
84608
85815
87728
60136
49341
73365
620
28693
83569
6874
21652
4807
51364
86340
46583
80560
23126
12262
3700
35924
63257
1833
48907
