30
7426
3529
3395
2854
6994
7567
4727
6738
7977
1199
2270
3420
6971
5687
6507
2426
6984
2816
66
3811
2315
877
6781
856
5271
6029
3303
444
4849
5109
9143
8403
8199
4324
5789
3257
6169
2857
622
5346
7801
4035
1109
8870
6492
1993
229
2446
245
7548
7611
2567
4716
3563
968
3646
6873
979
7788
8411
7217
2547
6574
6918
3352
3212
9118
3379
5052
3133
3587
7725
6810
2033
2388
2175
192
2389
7957
3640
1407
8031
6100
8093
4474
4329
5978
2661
6761
7916
3387
7906
4835
3228
5634
8465
5628
7640
705
3164
1209
7058
1406
4288
5002
1038
1345
4059
818
2485
252
5969
5024
7127
1877
2917
6885
7281
1670
4254
2725
7742
1551
7572
2983
5043
2396
4584
2283
9600
6435
6940
5669
9722
2573
817
3864
4522
5926
436
277
4511
2930
637
18
4042
6344
7340
6172
3706
166
6841
7933
6060
6244
3927
605
356
1739
1936
395
8985
1562
8584
9123
7408
1631
8999
6916
7759
8030
1696
6135
1273
6587
3548
6037
4804
5799
7749
4441
847
4099
4947
298
1644
7495
1312
2871
880
389
7341
7458
9483
2519
4558
6318
430
4114
508
262
4389
8807
2887
5342
8794
8796
3718
5197
1967
9006
1075
4840
2885
121
3742
4702
9077
3773
5015
7021
6055
8925
7672
2325
1537
9214
939
760
1387
7013
2939
9797
7765
5588
6116
132
796
8270
2198
2393
5646
9164
7392
7750
9177
4437
7814
4934
9187
6777
9757
8621
9564
3626
4206
6205
4269
8007
9254
5556
3245
9196
9222
6016
2926
2710
8762
5677
8275
2642
7940
8528
8290
9659
7603
352
3632
8195
3081
8057
1250
8289
1658
6456
2961
3424
9552
4667
5005
3194
9746
3187
4066
5948
2216
3427
6165
2487
4951
1832
8049
4355
1530
585
4943
9796
2200
5032
9510
5834
9762
9715
6079
6276
301
9799
8549
343
7704
3173
9718
8722
8380
8687
6670
1756
3930
1304
9333
6590
6705
7767
3694
8350
6370
2534
8081
3310
4349
1702
6545
8656
6658
9769
9443
9052
8538
2548
3069
9334
4190
804
5067
454
9166
2070
8553
1361
1652
4636
1968
1679
345
3266
6394
3418
7499
5975
455
5260
1643
3294
9197
3817
1732
3465
7956
5760
4491
1950
8389
5651
8946
5614
462
583
1439
3676
3852
5377
9410
1887
7994
594
8284
8094
4778
2685
6476
4044
721
5740
7062
6201
3743
126
4333
627
2502
1604
3238
8383
7349
9050
9962
7407
6162
9910
6311
337
6069
9836
4844
5793
4814
2043
2539
3372
7991
6223
2607
2122
4950
7330
5661
6138
826
4029
5549
9219
2213
654
1523
568
1108
4453
5468
2061
2276
5149
6826
3261
8831
3787
9192
7772
2508
1405
1614
8269
4883
4356
9218
6952
9336
741
6525
349
9040
1953
3871
5546
4319
9059
7562
1810
7377
3772
4759
6931
4332
6130
6653
9911
4718
414
6384
1736
9312
6564
47
3780
7056
5042
8176
2500
4024
1944
3200
2490
4675
4554
4964
1782
5449
7302
1042
7693
1277
1174
9357
209
332
1768
196
1717
4018
6934
1723
5462
8445
2564
1763
3588
1139
4440
7050
626
7860
5209
9736
7282
8806
7947
4652
792
6030
2959
419
884
7216
5399
1988
4556
4519
7522
9119
1469
8990
2533
1911
3365
379
6607
6291
2963
1451
7016
7293
6090
6027
7797
650
7779
9620
3524
7636
5569
9374
9529
5012
9517
5960
5039
1617
7574
4074
2860
1853
3435
3404
1823
377
1037
4361
3078
5749
5781
1698
3017
2105
4444
3284
4933
3105
6300
7260
1052
7773
1860
8334
5882
4646
7982
2358
4087
5530
2817
3938
559
3778
6065
2630
1426
4512
7391
9018
9913
4427
9761
9070
2202
2730
9950
8943
876
6194
8709
7679
5951
2674
5940
7093
2849
2653
1570
2134
1628
1384
1115
8569
3929
7233
4891
59
1535
9838
5292
7249
8833
9706
8182
4971
3012
1684
4038
4130
8226
5942
8798
6052
8701
7566
2667
6012
7865
5846
459
4908
9537
3666
652
8600
4787
4077
7144
2380
4227
4276
6218
8363
2074
2942
9142
3977
813
685
7376
3521
2704
3966
3612
3611
965
1767
677
7264
5987
6348
2003
8184
2610
2108
4602
986
8822
1841
5099
3674
9725
1340
8732
1205
9409
1633
4595
4647
4191
7784
5073
3335
5138
7378
7145
5190
4928
3191
6844
4339
6293
4347
1011
8422
4281
5738
9126
5735
2703
7962
112
7778
1390
9224
2229
1939
6953
2999
6522
9730
1785
6882
8088
4370
4219
9011
2361
1076
52
2109
9765
5139
1706
163
2938
8013
4539
3823
2272
456
4137
9546
1581
5182
6508
8948
9651
8035
3359
9434
4439
5056
9954
9511
6274
4767
7164
1082
1393
7985
2434
7899
4503
6659
862
5170
8823
2893
1440
9408
9869
5874
3104
6783
3279
9624
9371
6257
6017
460
5261
2410
782
4709
188
4999
3715
3933
9317
1914
3421
6514
7297
8146
3688
5068
4925
9593
3287
1905
198
2732
441
2357
6317
3269
5370
8251
6985
8090
2282
2831
8131
642
4036
2045
8266
4153
9862
8412
5836
294
7177
8923
3517
2747
2876
224
9844
2414
3690
6797
4199
7131
453
2346
8558
5476
5422
3472
9958
7691
5108
4906
9548
9800
8028
4581
8861
9969
2590
8352
7345
6871
4353
2279
7794
7190
6581
610
1983
4224
1881
6407
9487
7563
910
3073
737
8421
