1087976358, 1087976358, 1087976358, 1087976358, 1087976358, 1087976358, 1087976358, 1087976358, 1087976358, 1087976358, 1087976358, 1087976358, 1087976358, 1087976358, 1087976358, 1087976358, 1087976358, 1087976358, 1087976358, 1087976358, 1087976358, 1087976358, 1087976358, 1087976358, 1087976358, 1087976358, 1087976358, 1087976358, 1087976358, 1087976358, 
1195773579, 1195773579, 1195773579, 1195773579, 1195773579, 1195773579, 1195773579, 1195773579, 1195773579, 1195773579, 1195773579, 1195773579, 1195773579, 1195773579, 1195773579, 1195773579, 1195773579, 1195773579, 1195773579, 1195773579, 1195773579, 1195773579, 1195773579, 1195773579, 1195773579, 1195773579, 1195773579, 1195773579, 1195773579, 1195773579, 
1222291308, 1222291308, 1222291308, 1222291308, 1222291308, 1222291308, 1222291308, 1222291308, 1222291308, 1222291308, 1222291308, 1222291308, 1222291308, 1222291308, 1222291308, 1222291308, 1222291308, 1222291308, 1222291308, 1222291308, 1222291308, 1222291308, 1222291308, 1222291308, 1222291308, 1222291308, 1222291308, 1222291308, 1222291308, 1222291308, 
1032044076, 1032044076, 1032044076, 1032044076, 1032044076, 1032044076, 1032044076, 1032044076, 1032044076, 1032044076, 1032044076, 1032044076, 1032044076, 1032044076, 1032044076, 1032044076, 1032044076, 1032044076, 1032044076, 1032044076, 1032044076, 1032044076, 1032044076, 1032044076, 1032044076, 1032044076, 1032044076, 1032044076, 1032044076, 1032044076, 
1089340560, 1089340560, 1089340560, 1089340560, 1089340560, 1089340560, 1089340560, 1089340560, 1089340560, 1089340560, 1089340560, 1089340560, 1089340560, 1089340560, 1089340560, 1089340560, 1089340560, 1089340560, 1089340560, 1089340560, 1089340560, 1089340560, 1089340560, 1089340560, 1089340560, 1089340560, 1089340560, 1089340560, 1089340560, 1089340560, 
1253272167, 1253272167, 1253272167, 1253272167, 1253272167, 1253272167, 1253272167, 1253272167, 1253272167, 1253272167, 1253272167, 1253272167, 1253272167, 1253272167, 1253272167, 1253272167, 1253272167, 1253272167, 1253272167, 1253272167, 1253272167, 1253272167, 1253272167, 1253272167, 1253272167, 1253272167, 1253272167, 1253272167, 1253272167, 1253272167, 
1028296731, 1028296731, 1028296731, 1028296731, 1028296731, 1028296731, 1028296731, 1028296731, 1028296731, 1028296731, 1028296731, 1028296731, 1028296731, 1028296731, 1028296731, 1028296731, 1028296731, 1028296731, 1028296731, 1028296731, 1028296731, 1028296731, 1028296731, 1028296731, 1028296731, 1028296731, 1028296731, 1028296731, 1028296731, 1028296731, 
1184708385, 1184708385, 1184708385, 1184708385, 1184708385, 1184708385, 1184708385, 1184708385, 1184708385, 1184708385, 1184708385, 1184708385, 1184708385, 1184708385, 1184708385, 1184708385, 1184708385, 1184708385, 1184708385, 1184708385, 1184708385, 1184708385, 1184708385, 1184708385, 1184708385, 1184708385, 1184708385, 1184708385, 1184708385, 1184708385, 
1682221065, 1682221065, 1682221065, 1682221065, 1682221065, 1682221065, 1682221065, 1682221065, 1682221065, 1682221065, 1682221065, 1682221065, 1682221065, 1682221065, 1682221065, 1682221065, 1682221065, 1682221065, 1682221065, 1682221065, 1682221065, 1682221065, 1682221065, 1682221065, 1682221065, 1682221065, 1682221065, 1682221065, 1682221065, 1682221065, 
1318964388, 1318964388, 1318964388, 1318964388, 1318964388, 1318964388, 1318964388, 1318964388, 1318964388, 1318964388, 1318964388, 1318964388, 1318964388, 1318964388, 1318964388, 1318964388, 1318964388, 1318964388, 1318964388, 1318964388, 1318964388, 1318964388, 1318964388, 1318964388, 1318964388, 1318964388, 1318964388, 1318964388, 1318964388, 1318964388, 
1464134007, 1464134007, 1464134007, 1464134007, 1464134007, 1464134007, 1464134007, 1464134007, 1464134007, 1464134007, 1464134007, 1464134007, 1464134007, 1464134007, 1464134007, 1464134007, 1464134007, 1464134007, 1464134007, 1464134007, 1464134007, 1464134007, 1464134007, 1464134007, 1464134007, 1464134007, 1464134007, 1464134007, 1464134007, 1464134007, 
1401094401, 1401094401, 1401094401, 1401094401, 1401094401, 1401094401, 1401094401, 1401094401, 1401094401, 1401094401, 1401094401, 1401094401, 1401094401, 1401094401, 1401094401, 1401094401, 1401094401, 1401094401, 1401094401, 1401094401, 1401094401, 1401094401, 1401094401, 1401094401, 1401094401, 1401094401, 1401094401, 1401094401, 1401094401, 1401094401, 
1034199852, 1034199852, 1034199852, 1034199852, 1034199852, 1034199852, 1034199852, 1034199852, 1034199852, 1034199852, 1034199852, 1034199852, 1034199852, 1034199852, 1034199852, 1034199852, 1034199852, 1034199852, 1034199852, 1034199852, 1034199852, 1034199852, 1034199852, 1034199852, 1034199852, 1034199852, 1034199852, 1034199852, 1034199852, 1034199852, 
1347814734, 1347814734, 1347814734, 1347814734, 1347814734, 1347814734, 1347814734, 1347814734, 1347814734, 1347814734, 1347814734, 1347814734, 1347814734, 1347814734, 1347814734, 1347814734, 1347814734, 1347814734, 1347814734, 1347814734, 1347814734, 1347814734, 1347814734, 1347814734, 1347814734, 1347814734, 1347814734, 1347814734, 1347814734, 1347814734, 
1032549336, 1032549336, 1032549336, 1032549336, 1032549336, 1032549336, 1032549336, 1032549336, 1032549336, 1032549336, 1032549336, 1032549336, 1032549336, 1032549336, 1032549336, 1032549336, 1032549336, 1032549336, 1032549336, 1032549336, 1032549336, 1032549336, 1032549336, 1032549336, 1032549336, 1032549336, 1032549336, 1032549336, 1032549336, 1032549336, 
1347713682, 1347713682, 1347713682, 1347713682, 1347713682, 1347713682, 1347713682, 1347713682, 1347713682, 1347713682, 1347713682, 1347713682, 1347713682, 1347713682, 1347713682, 1347713682, 1347713682, 1347713682, 1347713682, 1347713682, 1347713682, 1347713682, 1347713682, 1347713682, 1347713682, 1347713682, 1347713682, 1347713682, 1347713682, 1347713682, 
1179630522, 1179630522, 1179630522, 1179630522, 1179630522, 1179630522, 1179630522, 1179630522, 1179630522, 1179630522, 1179630522, 1179630522, 1179630522, 1179630522, 1179630522, 1179630522, 1179630522, 1179630522, 1179630522, 1179630522, 1179630522, 1179630522, 1179630522, 1179630522, 1179630522, 1179630522, 1179630522, 1179630522, 1179630522, 1179630522, 
1045862937, 1045862937, 1045862937, 1045862937, 1045862937, 1045862937, 1045862937, 1045862937, 1045862937, 1045862937, 1045862937, 1045862937, 1045862937, 1045862937, 1045862937, 1045862937, 1045862937, 1045862937, 1045862937, 1045862937, 1045862937, 1045862937, 1045862937, 1045862937, 1045862937, 1045862937, 1045862937, 1045862937, 1045862937, 1045862937, 
1309777077, 1309777077, 1309777077, 1309777077, 1309777077, 1309777077, 1309777077, 1309777077, 1309777077, 1309777077, 1309777077, 1309777077, 1309777077, 1309777077, 1309777077, 1309777077, 1309777077, 1309777077, 1309777077, 1309777077, 1309777077, 1309777077, 1309777077, 1309777077, 1309777077, 1309777077, 1309777077, 1309777077, 1309777077, 1309777077, 
1069896471, 1069896471, 1069896471, 1069896471, 1069896471, 1069896471, 1069896471, 1069896471, 1069896471, 1069896471, 1069896471, 1069896471, 1069896471, 1069896471, 1069896471, 1069896471, 1069896471, 1069896471, 1069896471, 1069896471, 1069896471, 1069896471, 1069896471, 1069896471, 1069896471, 1069896471, 1069896471, 1069896471, 1069896471, 1069896471, 
1374871407, 1374871407, 1374871407, 1374871407, 1374871407, 1374871407, 1374871407, 1374871407, 1374871407, 1374871407, 1374871407, 1374871407, 1374871407, 1374871407, 1374871407, 1374871407, 1374871407, 1374871407, 1374871407, 1374871407, 1374871407, 1374871407, 1374871407, 1374871407, 1374871407, 1374871407, 1374871407, 1374871407, 1374871407, 1374871407, 
1198392510, 1198392510, 1198392510, 1198392510, 1198392510, 1198392510, 1198392510, 1198392510, 1198392510, 1198392510, 1198392510, 1198392510, 1198392510, 1198392510, 1198392510, 1198392510, 1198392510, 1198392510, 1198392510, 1198392510, 1198392510, 1198392510, 1198392510, 1198392510, 1198392510, 1198392510, 1198392510, 1198392510, 1198392510, 1198392510, 
1291200351, 1291200351, 1291200351, 1291200351, 1291200351, 1291200351, 1291200351, 1291200351, 1291200351, 1291200351, 1291200351, 1291200351, 1291200351, 1291200351, 1291200351, 1291200351, 1291200351, 1291200351, 1291200351, 1291200351, 1291200351, 1291200351, 1291200351, 1291200351, 1291200351, 1291200351, 1291200351, 1291200351, 1291200351, 1291200351, 
1095496311, 1095496311, 1095496311, 1095496311, 1095496311, 1095496311, 1095496311, 1095496311, 1095496311, 1095496311, 1095496311, 1095496311, 1095496311, 1095496311, 1095496311, 1095496311, 1095496311, 1095496311, 1095496311, 1095496311, 1095496311, 1095496311, 1095496311, 1095496311, 1095496311, 1095496311, 1095496311, 1095496311, 1095496311, 1095496311, 
1322560155, 1322560155, 1322560155, 1322560155, 1322560155, 1322560155, 1322560155, 1322560155, 1322560155, 1322560155, 1322560155, 1322560155, 1322560155, 1322560155, 1322560155, 1322560155, 1322560155, 1322560155, 1322560155, 1322560155, 1322560155, 1322560155, 1322560155, 1322560155, 1322560155, 1322560155, 1322560155, 1322560155, 1322560155, 1322560155, 
1222291308, 1222291308, 1222291308, 1222291308, 1222291308, 1222291308, 1222291308, 1222291308, 1222291308, 1222291308, 1222291308, 1222291308, 1222291308, 1222291308, 1222291308, 1222291308, 1222291308, 1222291308, 1222291308, 1222291308, 1222291308, 1222291308, 1222291308, 1222291308, 1222291308, 1222291308, 1222291308, 1222291308, 1222291308, 1222291308, 
1417709034, 1417709034, 1417709034, 1417709034, 1417709034, 1417709034, 1417709034, 1417709034, 1417709034, 1417709034, 1417709034, 1417709034, 1417709034, 1417709034, 1417709034, 1417709034, 1417709034, 1417709034, 1417709034, 1417709034, 1417709034, 1417709034, 1417709034, 1417709034, 1417709034, 1417709034, 1417709034, 1417709034, 1417709034, 1417709034, 
1137525522, 1137525522, 1137525522, 1137525522, 1137525522, 1137525522, 1137525522, 1137525522, 1137525522, 1137525522, 1137525522, 1137525522, 1137525522, 1137525522, 1137525522, 1137525522, 1137525522, 1137525522, 1137525522, 1137525522, 1137525522, 1137525522, 1137525522, 1137525522, 1137525522, 1137525522, 1137525522, 1137525522, 1137525522, 1137525522, 
1196253576, 1196253576, 1196253576, 1196253576, 1196253576, 1196253576, 1196253576, 1196253576, 1196253576, 1196253576, 1196253576, 1196253576, 1196253576, 1196253576, 1196253576, 1196253576, 1196253576, 1196253576, 1196253576, 1196253576, 1196253576, 1196253576, 1196253576, 1196253576, 1196253576, 1196253576, 1196253576, 1196253576, 1196253576, 1196253576, 
1491367521, 1491367521, 1491367521, 1491367521, 1491367521, 1491367521, 1491367521, 1491367521, 1491367521, 1491367521, 1491367521, 1491367521, 1491367521, 1491367521, 1491367521, 1491367521, 1491367521, 1491367521, 1491367521, 1491367521, 1491367521, 1491367521, 1491367521, 1491367521, 1491367521, 1491367521, 1491367521, 1491367521, 1491367521, 1491367521, 
