30977
83389
53759
59975
10884
86306
4502
82163
61220
40816
44934
32601
89571
76703
41563
99296
30182
69251
58478
26874
6918
80794
13779
76888
34754
94435
61817
27034
71450
68752
48322
69851
20654
25368
31137
70956
78836
5866
91692
81967
5126
67722
49386
42626
35987
9628
70661
92333
71278
66012
65725
46062
162
94793
39359
66359
18004
46310
45825
65259
55637
53575
69299
40503
74123
80909
88349
99014
23111
98303
98226
70354
77507
41995
65001
47599
54246
1191
2879
99068
8945
15026
59779
55899
10394
67080
88971
57244
8730
37923
79649
99966
24551
15940
73481
28355
47259
27336
64147
25015
35890
70441
19738
96517
39279
46556
94794
37913
69143
19565
37106
6575
84242
149
26857
98386
3996
82256
56991
16573
7876
57145
74795
99507
90289
83889
25899
38900
77743
31351
69013
31361
26228
47922
56771
11076
41729
87146
32052
53495
52504
89941
10828
78951
29182
74405
23630
18833
23637
97383
7541
68038
79896
2834
19612
76928
68150
28509
51243
576
64028
63275
29065
93182
35961
80905
50141
34488
30763
39397
96833
93200
80753
28061
71776
48440
85740
50006
96149
73754
27797
66315
84956
83884
84438
99814
25556
85008
82800
1403
86396
96509
4867
60725
94062
87924
81628
60061
88943
18022
68537
68106
65718
18924
14924
17973
83970
28134
86972
44866
31141
63322
55075
61332
87216
75185
15703
69578
86340
93439
78239
37094
46718
29671
65381
64646
53310
32389
85629
15832
10002
82072
32845
98395
57454
70231
32331
6946
87506
62672
59000
13970
857
55289
26200
30847
53317
68832
62759
69471
66820
12533
23626
49379
55648
95487
81832
38524
85802
74951
80885
38074
69183
35162
51037
30072
52521
10982
50461
38554
61314
11809
87345
71484
30953
50504
28097
41614
17447
32481
7989
81525
43746
35010
14785
19990
48851
50675
90727
34417
38223
84549
84176
65474
60917
15516
45097
95699
64303
35110
58653
70348
82880
27663
83326
27829
74106
965
66916
37583
88855
64600
52742
74115
99061
1608
27784
70186
61215
65995
99177
90946
17659
21586
17838
9809
40360
96264
25407
33445
96139
67301
86622
93768
5084
54617
40664
92244
8000
30323
91796
42421
80854
44245
54934
1659
59770
67160
44684
12862
16844
4063
18335
66041
70667
97350
17340
94266
8969
52960
41725
83898
10683
66641
57834
64640
45900
51960
89643
24047
27946
11027
68344
90074
43161
88768
8643
75483
81567
48925
49890
17562
4238
67573
57958
10071
20865
42519
61870
611
68801
51378
26644
96429
62360
29404
55012
77470
97195
46985
74716
43130
64204
38888
80558
55267
60808
60892
49372
39588
43528
36428
93341
59783
96582
46091
37942
75191
69635
25783
45658
36706
1366
27579
25158
52682
98429
50778
12062
49812
21498
66710
65940
526
1297
37662
58793
60989
79151
92163
18567
20366
39494
22731
96560
95818
29304
36172
39570
89797
89581
72673
76325
31703
3257
33994
5038
34654
63616
29534
10258
22228
85116
84995
41168
76596
98521
13144
94518
28036
1414
11455
52075
19902
62483
80226
3900
61696
80196
17368
17981
95459
83189
65431
46690
16076
18980
59387
43040
9580
98952
50416
70840
53431
7249
24992
31682
66434
7741
53195
82411
39947
68307
45138
25088
94291
89386
38342
14465
13110
36447
65880
38308
68803
91314
45475
89788
80624
34566
48319
44531
58809
40818
10531
69927
43120
97532
47447
48242
86593
31376
75170
16270
18785
36071
24676
16452
62922
11361
11616
19574
4696
49579
68406
54083
28367
57588
33255
32128
88752
7549
843
38392
93701
2250
92958
1445
8857
58566
38970
61453
22339
9524
76748
86803
29349
26248
92248
42888
76710
72332
52777
25432
53484
11458
95623
37176
5089
37838
24425
95973
24073
88425
81999
57143
87360
70127
21970
36139
94464
67526
56137
11945
90217
94229
17874
75418
47684
55184
23886
24790
78198
94603
35315
97707
40900
57233
54989
32742
90328
68313
78313
23581
5055
82540
33182
64978
32375
15170
38332
73171
3114
64639
2671
4807
48640
99428
97121
51841
52999
86126
15756
88548
29354
22314
91857
36110
17524
38918
15407
70232
63250
12035
17521
24130
36512
7821
90505
98274
80534
69993
35491
70009
23208
67201
55704
93717
26738
36731
98970
96692
37139
18303
30405
28074
68893
56148
8075
95288
7269
99753
9664
43825
62842
45995
91645
61626
1162
98107
54152
4834
38959
18962
9178
66173
23240
35201
27267
39377
46331
41583
43377
98223
75978
69238
72979
39188
85454
52601
74988
89976
87619
54811
5959
30988
61433
35734
69186
96806
39475
79318
61827
81300
17825
77506
55027
34445
3889
38098
29343
20540
53674
76315
66018
73354
66336
54964
73695
18254
23791
77871
82327
16075
96024
31750
54250
14480
37708
32433
44499
77689
26188
36553
39383
83193
43983
63554
88436
94048
29141
42716
10908
19278
66108
63690
36415
8810
5078
78483
51221
3046
64635
50855
78286
37128
71155
19437
95687
59695
73382
75777
83747
87695
99903
50992
67370
83544
14122
779
18619
35503
99276
58441
12570
42031
6024
16287
92383
59939
29177
88529
90343
74603
4826
52974
39258
60894
29299
51659
12019
58398
78537
1139
76540
36109
71366
95604
82286
59600
74493
74385
92227
9598
39562
29599
30346
93537
63482
15071
71606
51156
86970
22402
72266
76077
30270
86299
91882
31026
76811
64305
41033
83849
87603
78277
36165
68496
25375
37482
15363
86451
35113
78253
20288
62901
43761
6247
82239
62356
815
53638
9810
58698
34552
35104
65871
95342
12086
20863
97313
38452
38014
76195
48182
92890
26826
14503
3078
50665
62369
62253
36570
74749
92316
60454
13510
37897
49848
61294
9590
44737
10649
90001
44700
67078
17285
12388
79560
80508
16162
99832
53702
36677
8019
75252
66364
58905
44815
2487
24927
61338
49993
46580
83634
68220
25656
62166
18772
25750
91479
25173
44500
62628
64186
26543
63070
12184
75486
65524
47743
42159
40439
70059
48886
23365
45789
54759
16915
35689
50637
97720
25272
94565
12296
4736
29122
29151
90000
23467
20016
17379
21946
23022
36914
26076
6357
63380
59801
78314
72580
39281
9411
43939
49257
66950
37221
27665
42427
92813
36190
41254
88405
40864
66499
82204
5120
48127
49453
3095
96891
74228
43552
50391
72297
76755
3749
61808
68895
60750
58482
21169
27037
37159
85103
26216
24016
94489
45318
60367
3137
28550
9911
17962
61002
2150
31288
30887
7797
829
41565
26288
4941
63057
96099
87793
62640
65176
63742
98607
95091
66558
62595
80791
61772
24433
57355
66400
7684
7958
64947
46422
51618
57598
41415
6333
23253
27550
38748
92203
44996
38144
67440
80349
23302
44337
50270
95664
67934
27747
94673
57270
32528
4313
98655
55170
56787
13526
47099
14698
16277
55157
83794
27980
37480
77666
6454
3859
33341
33321
64543
64636
45459
16791
64264
35672
85342
70912
8046
18020
98056
58912
728
59564
69989
90595
23729
47701
37109
96484
71795
73152
83160
69422
59847
55748
31699
59011
77545
67036
31121
21099
58154
98519
71295
91510
22571
1082
8933
59566
74173
73391
31884
38335
62905
9367
58510
18129
647
14934
65095
63657
84244
50234
95356
94740
27022
65670
1348
80995
35988
51913
83227
84810
61731
83538
83785
30772
26370
83938
48459
4869
64351
95004
26056
27081
18403
97525
75046
5125
17310
44223
78882
52323
40590
41214
40057
75637
73714
30295
58930
23380
55495
87464
96654
2433
12448
99281
76030
57886
47026
44766
77371
51065
94878
56727
21130
82845
66942
36563
26849
17740
8194
2878
25779
48131
9410
18966
86918
92796
86522
10965
89860
51969
9068
77670
67608
33886
76926
61632
53958
29282
11130
90151
40773
5849
10552
8112
15833
28540
68885
71704
4783
5127
88281
48339
3056
33529
11045
75927
7790
42468
93484
22289
58725
25781
2409
93299
65756
75731
82823
17471
62816
1880
99519
15580
80674
64357
78825
37410
76294
35508
53331
73533
46712
75373
93727
97398
33298
91019
34050
16938
20942
20242
42640
36681
98990
81856
48023
62447
46324
56850
52445
37011
60520
51159
43404
27915
13808
48848
80948
20962
53853
21905
6103
65651
54877
29010
41174
92007
49102
85715
34067
26788
57608
95022
80864
36471
5595
58102
36328
64724
4899
33830
30005
70480
77858
39108
93761
35029
65548
32588
93171
22764
67477
80722
20074
58281
79322
50952
73907
47816
37171
56653
75304
96836
76128
94970
44772
16387
46681
67803
65957
26586
33471
86131
21025
60042
77391
67061
77379
99440
86630
63613
26361
7701
64669
93082
43716
94820
80914
85093
31713
13625
42384
68638
37903
78786
46220
4196
9323
96510
1212
25072
48272
87186
55128
78715
7321
81014
47607
95043
96734
33939
8794
89893
82246
94711
91800
73953
57835
78033
31871
99894
77940
50728
16436
29779
31784
94444
61126
3027
77481
70819
66235
97795
96107
58632
23631
45811
89761
2033
55112
9050
24439
16690
8396
84342
31334
99233
5311
90281
39809
28858
69506
47319
97393
34212
9316
27122
36199
59090
14800
56300
17223
85709
85860
45735
27562
98520
90886
7871
19081
87377
2010
49563
86978
73091
11013
68260
38836
45853
43492
2007
74103
90021
65727
97009
20902
94232
49693
48896
6197
65603
59368
92719
20571
56246
31950
52277
30827
14454
3947
73897
49285
80054
84958
80365
68040
26836
42789
47436
42614
88644
48584
54380
54064
92663
14456
47977
96886
32244
46674
82458
96718
15713
16806
13541
13357
1995
41820
29833
60098
6757
51838
72799
4857
73368
947
67277
45655
12335
75144
74296
24889
98542
8484
43367
72126
77056
35072
38576
65031
44608
13725
95965
2206
58196
5241
5058
46065
15794
79362
90963
22452
27045
9491
55291
59056
27628
87472
64117
87286
67158
38384
34853
30354
66129
41743
18522
99349
66424
88927
20472
80336
28344
14685
90943
55114
18485
45429
14304
32686
7633
66773
69271
75791
82872
83196
85273
96363
69801
77574
45009
44094
58345
53520
23704
50759
18825
67578
64024
61127
74371
5874
96289
59145
91101
86107
32220
31267
98010
23909
77881
16521
7428
81809
76613
88762
4819
81592
2768
62063
11800
37641
35846
2372
78030
13680
43512
68459
83602
54467
73521
9965
64682
35415
9256
65425
13624
37229
66515
85133
52816
21909
51387
42226
2891
27790
42008
70167
57657
74034
32465
43127
2663
14739
27146
68751
48244
74062
27026
76467
49766
85174
35729
74297
60090
89420
84771
29293
30570
32116
84157
72189
58496
53604
49540
5926
73407
49701
13966
62204
80486
56878
21884
17558
29171
32598
50584
7218
12088
70664
6350
45239
78689
53851
32488
37706
16599
22064
34383
70537
48924
27675
17353
54264
10283
98046
85754
10553
94337
75808
26845
94040
69122
91445
5276
32700
59563
72603
94688
47155
60283
27676
94610
86729
22212
34326
91723
87250
20736
17748
22389
86284
11430
93927
67690
69139
3897
18196
1814
59882
4835
89055
42130
92980
53931
70442
94800
46282
57570
30653
99846
20465
19873
47636
67841
62496
56319
83497
99857
69502
59406
39141
66495
87599
65877
58150
35016
59784
88074
58276
29217
27159
47338
2469
82584
54648
52894
59771
69373
38612
60590
43668
47346
57256
38874
33893
25888
53891
48580
39470
54758
24561
15072
95428
71534
3441
8738
15315
11196
72634
82555
80477
53566
43411
43921
35768
16874
85761
73945
72476
9210
81362
33357
67515
12740
90210
82570
72625
67931
91295
29880
93026
37115
3169
99474
39934
88199
6582
24780
10589
40927
46298
56703
69957
71349
69326
18601
69587
84126
56141
33042
61455
87385
84647
47907
84236
59971
52320
13778
23364
67986
72790
47533
55717
48017
41918
64999
49855
82579
41618
11931
80506
45008
2291
3480
10238
74326
69216
31864
95470
69044
5360
16477
80031
56250
86289
3843
41753
52604
75785
24344
42818
76193
55598
11239
20448
91036
11172
49423
42456
524
28277
51233
97465
38300
20102
61618
74752
90052
19999
326
91003
89950
34520
75509
52929
62520
92403
4243
84397
99165
42150
37091
17039
5100
10486
15010
91061
94937
34365
35424
80078
46738
91357
78909
15073
68492
28903
80156
89660
81404
30955
11269
13063
65286
78799
34620
25833
22293
12933
49130
11906
41280
60546
41181
35821
59407
73856
4648
24933
79505
33753
66658
88201
83591
7202
19263
46809
25077
59151
83601
1341
18653
42174
47780
32576
41535
28831
11313
36298
92239
71107
92313
98258
43568
61965
92124
65636
32900
87785
88963
87001
32631
63869
93376
92552
55418
1651
88125
88589
984
40552
47676
96613
63213
88377
53785
73148
18509
10565
56037
4904
80012
93219
38571
4964
96638
96849
78680
99939
41321
826
57369
76592
57231
28005
55855
63474
75007
62039
54780
47248
9606
83545
15027
60707
58668
50740
81047
79263
33961
45624
78394
61257
67887
49149
46049
63360
18746
70459
64090
57525
1370
55186
21485
19153
32361
3146
16530
62775
92186
65109
54315
57468
79696
39634
52344
49082
86655
48543
33721
90334
54486
40894
27409
56231
21266
50099
75310
4200
82341
38622
92686
94635
91530
59992
2373
77783
3661
97341
45083
23510
39482
83516
84762
4741
73107
15702
79769
82565
41761
70979
59955
26669
94399
79323
24127
36130
35593
47884
57804
22513
36614
66089
79140
18392
66838
75257
24627
245
57785
33968
19265
18269
99838
14010
69660
65777
16795
96557
22400
57517
4608
23108
19346
75072
69156
81303
49010
92252
57294
19040
9222
80461
65078
66663
47334
18906
48533
26035
27430
75242
78592
10787
32167
21175
76009
1118
17056
51317
55285
63908
8783
6049
56857
69981
42249
69364
13920
30425
97494
75449
20514
79245
53215
96858
85394
57947
91493
25534
23556
6489
9881
63283
65265
89455
5329
85615
79925
98034
39019
91064
12152
78424
14062
22808
1070
16090
56668
62209
75404
1187
44714
13106
8508
24177
84884
11836
17180
42536
69256
49663
30621
67786
32291
97844
6224
12636
69556
13605
19139
99093
27549
81711
82661
27072
63302
87016
15720
90110
59829
91447
19033
27145
70058
20111
39240
53732
93235
12527
37578
93673
9470
52400
72511
5861
5978
54154
69986
51470
25926
24856
12635
57411
44138
55400
51333
59018
64114
4784
99685
63351
46433
81513
58178
62807
8920
42281
71169
99385
86192
77320
97550
16420
99072
24832
40193
18434
18603
94360
57927
50873
42697
50930
29026
43887
46943
88271
81139
14391
20100
45889
5523
97373
75954
34827
68687
66634
48523
31237
63679
54615
40440
48301
1989
91663
4911
47776
48342
76846
78310
16225
29831
97677
13716
50598
84190
69024
62248
61753
36955
1165
92667
62416
96556
34186
41950
32950
15847
69838
81886
2351
95357
48922
19709
85633
37572
13083
66321
84520
89148
83565
70052
16404
31474
91436
34335
58417
29976
69572
78798
91927
34634
55987
91124
83212
48407
43390
9800
20269
17179
68259
40799
89315
33952
78010
65307
73831
95252
93888
48857
78221
85106
96825
41952
49771
19292
85044
71581
46675
58536
74451
36426
95430
3812
24911
92894
82909
4161
63578
89184
68420
54209
85098
25645
3603
82605
72164
22152
93445
64665
98702
14580
29963
65333
84788
58805
78058
32190
51353
21016
8082
2767
45431
55480
12699
99566
26544
79094
74395
35802
88090
10751
26791
61210
99614
75938
77126
1994
37004
91116
98061
78740
20995
20345
11436
72749
23997
38433
29451
18342
52359
21134
46001
69319
85933
62046
53802
66899
42587
47044
74360
96382
96366
71816
14096
83055
71319
48166
25248
8551
36920
1151
23977
79437
94481
2401
12115
6965
26918
72422
13906
11981
27109
18994
98172
25890
24576
54624
19944
88450
36898
24235
14189
56472
38767
17503
86415
84669
37530
39786
51954
98719
24273
88079
37734
73504
56893
94341
93786
54992
68169
12591
22896
92965
76016
54620
25106
45747
55963
43190
70141
96785
94412
53835
74855
2482
98709
32779
27808
35849
19057
85683
1485
31039
99885
35497
51698
9161
88230
40597
56555
45923
10247
60088
63138
68765
961
60682
3304
18852
11761
93996
8443
47849
62067
79007
26747
11276
14264
98523
49065
44447
59471
1669
14
57435
55132
86992
25516
74488
77397
12973
60074
25663
12229
21262
95485
99103
26524
73085
53518
14597
99921
96597
67620
35396
28619
6143
37397
26372
58867
99387
35059
26621
79928
73497
15137
53142
53618
97876
49903
40709
21246
23992
17722
82248
28612
93038
85858
6867
7816
61900
38729
38797
60573
51605
45202
99485
1115
71038
37726
43359
57862
53098
19244
4851
44306
53981
55008
8473
33680
78299
99889
85068
49705
51691
40397
8627
59474
57699
38441
92099
57870
43482
81948
78673
23553
55036
93118
2966
42621
83526
20713
81036
86909
49351
28052
61902
34657
42871
34996
35924
71126
12338
39306
46736
70131
32491
44394
94831
43601
40158
58626
36649
7064
61170
17474
33180
53022
90714
8231
39396
39335
82346
37625
10701
1285
23644
14167
72185
49710
77653
2388
53298
47571
55650
3746
11772
2032
73525
7028
69106
92416
54726
53999
90243
96923
40447
51416
85423
89476
32890
25324
58026
18095
26481
68896
68714
34368
97673
5719
22492
50693
82013
85919
95572
57373
89734
29881
74637
61927
30493
15748
5814
74059
26764
28744
87274
90296
13532
72810
60724
53653
26066
87904
33543
73035
99990
43069
73350
12454
39639
27076
26783
90553
33085
95
79682
13581
36040
40372
65743
49370
41364
61672
70601
60624
54252
31261
95452
88186
69164
54915
13496
86365
47093
23766
15293
14886
32727
16475
98615
87176
46958
93385
68977
15992
61244
2239
85531
76662
55986
60634
83317
67222
17827
86450
82632
69856
39896
81689
43933
44336
94663
59128
93372
35760
82424
73812
35002
38264
5717
70389
64709
96939
94982
57283
48034
65443
53762
24428
25917
98436
87036
57745
93094
55708
33053
83264
36106
19528
5085
32370
18611
53506
3529
5035
85079
75569
8199
9098
23731
20735
52833
68608
53855
82857
42999
66445
79851
14842
16614
12091
99060
50751
50086
40809
65406
85644
5310
52927
76649
36435
21632
19660
49244
54762
93241
46274
89884
64570
87593
95951
20549
72209
99238
34856
30262
87899
42238
57855
12274
27631
51924
39160
24288
73890
12275
34392
85069
88980
55980
41869
92091
81242
18481
7432
42904
40674
60056
50291
39124
68283
55017
52719
70277
64823
53716
71942
90093
94519
40695
453
96374
54132
62685
85387
2382
15273
22876
9086
618
53427
56221
1646
3061
50920
96473
77327
44664
51517
20638
26668
85248
27442
33495
25264
24722
74500
34718
46525
11292
35502
92978
88048
11025
70087
18033
64804
59415
79032
62446
99275
60941
43737
77268
14644
224
4194
84668
70114
19420
72095
30904
21419
49327
367
68950
72814
7565
61555
54474
86075
82647
69684
48980
27674
60194
89750
96940
41343
89798
35518
69850
67782
11732
37997
76590
87848
3360
67890
54367
84692
1624
97189
27806
86548
84247
1894
84297
59787
83603
59587
30784
66474
79939
77808
95235
70411
89427
29208
73845
79314
72574
85151
85318
26323
6395
32874
21762
86785
65592
29250
42395
19020
59883
45977
40332
65721
92921
16536
44496
36819
30875
87739
48670
96673
83911
97446
10225
82332
59547
53704
30488
18834
65951
73864
77304
89277
74481
46164
15328
44554
29720
40881
26733
85114
96037
62523
10834
22816
41658
10331
64580
3578
28467
82963
33630
15389
62237
41104
7484
95635
97001
78143
85035
73631
6039
18166
22382
97163
23049
20815
3121
39619
43567
32614
77535
63765
24056
4031
59502
25716
14468
60923
53258
74246
21161
303
90345
36929
17647
97749
82537
42737
13762
85452
58506
2473
92827
32470
50701
80670
50466
86201
28622
61352
12994
99010
4457
83027
92384
27157
20302
92944
38350
29926
97181
47706
54509
43046
45781
30023
17879
80399
52907
61792
81954
4808
97044
67654
82929
4265
32763
2299
72114
29123
60768
12916
11558
74248
47378
17735
50389
98601
49135
47392
12684
87987
4511
3761
77893
96313
88156
91769
7629
17764
57326
32363
15698
63980
14145
52585
24505
64258
72347
3594
81123
76583
79127
11259
33619
54816
52045
74029
49791
93261
37961
62826
59664
39343
62268
94736
80818
14930
12572
88985
49420
24675
98963
67357
72611
99514
73667
3924
35390
13361
91577
92961
75797
28941
21514
43184
54656
53085
28326
28018
97436
26051
5649
57880
613
21892
76427
45972
71653
49393
47031
15641
56647
10137
50888
97330
89255
7133
90868
29067
96191
98216
32743
44390
9709
33914
22931
24345
11234
86051
60766
66841
72977
89583
37304
18554
22617
57670
89997
93620
27852
45887
93070
56365
18263
57404
73230
22085
51360
54024
32145
75044
91187
13465
59879
14336
45339
60032
15986
91294
2678
70157
43147
83897
19699
14288
93500
21738
80675
74740
85225
12911
75249
1173
34901
41730
67659
82440
54817
77566
19259
72793
33103
71127
12540
68034
43002
43189
51150
94829
13649
45164
25602
40848
26701
25640
97403
39752
31973
93435
69474
60025
36650
12138
36176
43379
60045
45688
65137
71338
83588
18408
29738
30015
56017
25944
9838
24216
89022
2186
57992
33132
92494
10088
51116
41382
3643
52545
49757
39687
23911
96901
79872
80994
59129
60672
16968
99728
8915
11739
5663
59363
24996
82394
59451
72210
8520
2042
99707
99688
74436
8796
4960
67787
45941
11934
2669
1197
69536
17450
32299
31818
98481
54314
57134
93122
29848
46042
19755
46946
25817
32242
86138
74758
72278
44540
13894
33303
22497
55794
13704
96941
46286
89566
76096
41123
71613
99188
15568
66751
7847
90047
24967
24075
72455
67445
76566
72859
24953
58752
83396
93659
54438
42431
79254
70686
13981
42664
37349
99849
23472
77627
72898
24172
9897
82633
37856
30112
36568
82093
77172
71552
29919
21503
95232
13010
11031
77324
11340
4437
85759
36790
27701
10408
12173
5121
85190
54707
97469
64075
10951
78095
7641
231
1447
17472
87859
25970
61351
13199
57207
26301
75708
84016
7775
60713
70676
58174
26535
71564
39078
75177
59764
20398
34376
89856
53783
36875
6979
67758
95574
60525
80308
89288
49711
11954
9132
8197
65554
18642
67197
43637
26763
37127
77917
2691
30632
9687
34123
49597
263
35933
83122
25916
72665
19277
58934
12051
89089
87729
91777
31831
57610
75415
6801
38649
53162
47156
12567
65986
37247
40532
55003
61888
64503
80626
81266
36807
1896
49303
84235
50982
83124
38600
94934
34721
7984
39602
91133
12804
46940
41133
1947
61610
55020
18609
88994
80178
15633
35296
22695
92071
75834
34900
55764
67012
28137
19896
55832
51052
43022
36446
41244
85353
8647
60999
57208
22535
90015
77411
97831
76708
67482
45371
45257
77287
55499
46630
72536
58286
35056
61643
29201
83444
56387
39469
17356
96868
45064
73617
48341
20888
36184
8184
67470
23277
87908
65674
9292
77769
41362
62854
3708
74315
69499
47727
68517
97613
61899
91360
57380
37554
27249
89348
57676
52364
5762
59984
36218
39051
45492
40466
16009
76621
52495
72576
71357
48464
31707
54784
44183
31725
12214
61186
14719
26325
13135
57285
47389
37551
13324
65269
51084
43182
26222
78309
76444
15473
67621
23090
40781
41827
12306
32198
74468
86955
35391
85871
59802
11219
27610
65285
28952
4287
1108
1548
94574
77345
25023
94684
33707
81058
96840
97530
24401
16818
4021
41842
69895
15416
26995
74857
42198
20856
23822
62689
47367
20180
24183
62583
21635
6856
95189
45422
22476
37646
83252
68381
27516
21488
85857
47834
46774
19307
42363
90146
14486
70107
75470
91339
3133
33226
87837
54519
70023
67923
36099
67631
71726
51844
12007
273
70239
44546
88922
62873
54074
24638
62299
51771
40379
59483
44413
520
99801
39304
47017
67772
56911
29930
92398
1043
19553
57152
83459
57360
32471
7182
38876
2502
86040
47537
27987
27849
14477
30580
27211
91279
55421
30809
32846
1299
32885
30171
8884
60588
35883
83668
68219
81920
95040
89464
30906
35755
7810
373
40055
54450
21820
62502
29836
65400
75736
39457
9151
14000
99079
80327
15754
59099
50557
75961
51215
17192
80229
42997
97727
239
30841
5795
44806
9417
28049
21090
20944
49640
92307
98648
29452
87476
67270
89942
43727
39478
2745
88319
91608
77658
3732
27025
66246
11060
53585
16571
20725
30724
54529
59903
61717
72939
45897
14259
18755
29258
56540
431
62394
56792
82717
29335
26022
72569
71585
42932
59205
63259
72142
15777
90980
69731
32090
61471
50085
89233
12522
99699
99448
5128
16873
32430
75195
82490
79876
80410
52586
46913
70472
10215
28742
20601
14671
49727
65449
70043
89763
72111
25026
60658
84129
89327
76561
2997
96659
54548
29939
9690
35952
18101
42757
13177
78849
18750
51705
71056
50877
13394
48978
46717
43903
65216
41111
67599
53629
31274
71242
57372
4685
92771
41138
68048
26226
92831
24768
79090
34991
81062
65021
15339
972
76233
36719
85854
53667
19393
55356
32158
38988
42280
93069
74584
64967
3047
87623
83270
1634
14116
31965
70064
40309
70693
2157
94370
83407
47881
53544
76620
24184
14855
18916
34549
24988
61606
18788
26009
49871
99246
21074
1186
97957
82793
68233
68514
7860
81960
94943
21796
74087
76610
4500
64315
3773
30901
39133
11644
14519
27086
95360
71086
39975
70305
42732
24693
83648
17592
6255
43033
90796
35841
3733
55018
36566
95123
12124
80471
30917
96936
61828
77934
22447
72065
24993
19540
67369
97851
39484
5334
7647
33988
31514
65215
73270
72400
87190
14630
66934
66882
46210
89438
82468
67238
77886
14230
36833
13501
29568
79118
41642
18161
41740
84498
23896
47480
48446
67326
27315
91590
8330
29566
3750
86747
29695
72555
51368
97835
90378
33418
42884
17663
92870
1982
92783
93839
75591
75809
80359
57081
42237
78388
39032
72262
55903
98738
23680
6328
86603
7497
13360
72374
30226
9483
81614
86461
64316
69178
56159
53046
96348
7272
23555
36034
77901
38694
8701
2739
89724
49901
26704
40593
15855
39242
7313
99974
33546
98132
63214
54638
38324
99918
36364
13885
61991
42908
52488
4989
36016
30010
30709
91972
62407
15931
32155
15031
4157
39009
66160
1363
39040
54207
53012
21874
83292
31461
53385
28043
73332
67072
89007
17097
12629
71840
2376
63560
76324
35978
31089
83714
78779
68430
30538
2763
30805
13534
26292
36851
58386
22496
27421
14582
49989
88081
18935
38629
54362
42425
12903
45196
75984
35800
30057
29418
3815
33749
46570
34690
69513
92533
2812
29770
15682
76879
40547
98667
41619
34725
42765
90571
32343
21830
27572
84521
95930
43090
5288
46879
75078
15479
42513
76
18152
41307
42596
71160
31962
25340
41224
97886
29502
49511
96600
32829
4920
68815
19355
90103
66760
13103
84450
4079
17861
95337
66805
94201
97513
23907
96756
57944
60171
56946
39
69066
1272
15745
41219
4772
29509
28642
11864
7520
98150
88112
15719
49776
3298
6888
53510
51861
87388
61444
12054
66511
85606
65663
97745
10742
2917
75651
31633
28771
43061
61044
21110
99109
95029
59721
75354
61580
19522
45659
18940
39906
22038
84362
62762
44348
293
60360
8996
60868
67987
14457
81377
12498
6497
52763
46608
78662
84124
86121
12226
5417
13016
27583
8374
59025
748
14463
83470
73922
20179
14446
43096
88311
7898
46228
56428
75101
69211
63755
66986
53412
17237
21492
18658
86638
15482
87297
90245
91709
19723
43728
45878
34287
43570
60378
54965
41453
61552
19948
83874
29713
55957
92453
4120
8216
93991
39908
82195
77649
47782
37746
85634
61565
55808
75026
93388
23098
93223
68540
16838
24817
77220
80641
6959
93837
33061
95416
25840
87712
59201
19050
28224
75524
12439
27418
88590
20845
97049
11596
27335
86271
33052
2278
73556
65566
80701
18173
73307
78839
24766
52031
46029
63385
39587
58268
96266
9923
58211
40908
70045
75842
18398
75003
79483
27038
99029
42003
45368
61621
99067
81663
72064
72712
73133
49956
57118
98043
19199
92668
25977
56611
42947
70292
48884
28431
9817
91448
71020
14348
72264
46925
69201
71049
31069
34588
16184
45506
49264
17603
36911
45310
36879
30090
83241
83776
91863
42211
89380
31590
52136
87907
21173
69655
44275
76506
4492
67850
93490
17857
79866
21342
71301
29814
99121
54731
47540
6578
51735
42924
38333
41053
73567
97071
46734
86614
99096
80898
32286
71194
92090
6029
82259
58948
49823
17548
43248
75553
23287
75606
75493
63002
70175
92404
40411
87766
32875
42299
35511
78591
98152
50887
28491
97447
7140
26866
64567
95117
72206
85998
55624
41992
11344
43659
79782
90211
95204
83629
38647
68216
68632
13836
56970
33254
69367
21378
59767
73456
57682
56079
79379
58185
78158
92548
7896
28716
17261
75305
12969
43044
2345
9440
65654
56613
28704
2361
58859
5489
27101
24335
32823
84100
47441
92273
18575
13739
46959
48944
89134
46932
44826
5662
65755
67802
73262
55475
42920
95922
38331
20666
61008
67775
80241
50012
4800
75838
19204
1954
79128
61889
91
77227
64434
67689
70653
55676
86958
98556
27069
2985
55380
70511
11975
41337
4309
8791
97511
27648
81409
45511
19846
89682
30767
94359
27720
41290
61603
47715
54116
88597
4002
53869
18235
84805
20984
50352
28824
60641
76934
58027
55915
94765
30681
76820
67203
90140
80150
11343
85284
49142
64167
79844
45066
60396
67280
35337
18616
42052
99959
40606
23812
40853
50056
84619
21735
66965
97810
42415
38435
73073
75315
11489
24450
19987
40710
2073
98154
67163
84809
78905
92076
51225
69398
11016
72695
66786
5387
40509
29820
82453
47153
30400
36303
57844
59442
38096
53893
68606
26884
98768
19624
76482
90673
93602
59686
40042
7913
8219
90183
65682
55759
78428
11987
42836
17910
99700
50181
24502
58176
97906
76270
34104
74728
7015
16987
17279
26976
90287
64694
66366
61084
44627
46429
92296
93866
26341
81732
97064
4483
68929
62217
58384
32466
35158
93686
47551
60653
35784
53546
69941
65923
79163
39463
85959
54844
88579
26028
5274
38742
47911
15140
46680
73606
3612
12510
86634
95291
62330
26917
18841
6155
90305
94924
85328
15370
77011
38796
95026
27058
28164
20968
75265
19294
60781
33633
30695
28679
21452
80263
7442
48952
12167
59009
80456
18194
90448
1990
61341
23552
4008
7044
81872
89251
46174
44591
5561
87107
50822
38766
85972
508
62606
69232
84640
45907
82389
72866
34633
57607
34389
19444
88983
92916
42318
11595
85323
55588
85842
26167
56277
804
39757
18346
33441
71573
67708
4014
98347
31702
99643
88653
80836
99064
12373
57125
33364
13793
68560
59739
69699
81015
17652
4032
17673
74525
97231
75951
74434
3864
28848
69113
82062
35655
32480
73985
5312
85605
62579
25328
43796
3898
7715
42212
1973
34799
36590
49982
692
61327
86153
26692
80180
19406
98945
63832
98693
9215
54590
37765
3629
53773
24064
16364
96331
2869
23749
41479
88180
69295
65869
81295
6297
88341
75231
36439
5391
11807
7152
9663
97389
95493
43700
67342
99736
13259
5774
71067
71604
69293
19381
99377
29328
33967
8940
3610
71995
56068
74105
37239
9574
70820
16779
68973
39535
92583
44676
13589
70322
67052
15189
10018
26867
86641
6925
41118
80900
27291
65485
59928
53134
11543
93006
88150
52366
51264
88739
22222
91932
76883
8931
72674
22947
81162
80859
9121
36699
60858
88139
34730
58654
28438
8751
52
99309
3018
57966
33646
96632
17127
63
39012
65573
86078
55523
59871
61414
73585
72252
55640
33170
95564
61916
37985
83474
41482
53080
9389
7777
8310
69815
48693
79438
47544
41311
42307
80528
11321
5244
22093
79175
76622
78492
61613
52650
13512
71668
46438
93796
11192
66098
27246
97457
5289
62944
27002
15458
73833
63371
37585
86817
72714
60560
84812
95960
94091
28147
60447
74340
38487
8894
31285
3366
41686
20893
33947
82631
24743
76120
31216
12989
43215
18866
93019
92839
9991
23538
7382
67908
14163
96157
12186
28759
49769
96063
5845
2907
42728
20290
80099
96453
65660
71722
41213
1483
76078
19912
110
80368
37213
97137
33373
32209
77872
15775
72617
9227
35678
10902
6266
94551
28616
92451
16058
43629
68130
1775
27662
35210
46611
96897
25804
69916
64920
82183
59809
68429
43923
68739
96662
28243
29023
19695
58777
55393
24680
26042
11789
10299
39685
94669
93424
71615
50078
92478
5940
12588
6221
14975
3336
83443
39918
54646
52450
60960
54533
23262
38148
29686
75783
16292
78465
24980
31184
67821
95882
47506
11930
8928
92607
33461
11162
96025
65895
96350
90508
39085
68694
26460
58337
27039
27286
15818
26402
20250
29228
35739
84449
12471
63744
39817
17015
24852
40305
8586
91730
25017
61773
62292
97298
74426
52608
9722
91803
399
37446
7543
75632
6200
54662
138
43881
30190
51419
37191
33080
74679
83242
37525
97535
70352
10012
97003
65965
79870
50976
15596
6447
49519
28060
68015
66670
540
23036
72076
55057
44134
12128
99827
40348
72788
19452
32718
68053
34692
32460
70700
95526
12077
35285
69294
7563
64463
50709
84290
41687
36776
80385
39660
80511
24106
81057
57323
11386
81326
28106
35847
8645
20000
46072
10754
58231
18214
10346
34370
38581
57349
14542
24227
88118
11146
26045
64411
75567
76782
80344
81321
80667
60434
37103
50724
89351
73900
94419
45870
50948
61720
2084
46928
12383
79072
29985
90115
11281
71699
15571
18608
38864
42458
8108
58638
63689
99125
66490
51297
13183
82281
74713
69959
61106
77350
51538
86467
94641
18119
86260
978
91156
47663
12178
50214
64801
31347
7734
41929
27247
90176
54950
12399
13229
81299
31218
56290
93398
29290
94634
79777
34500
76002
3555
86683
66268
90089
50839
27923
81680
23853
35224
27981
6934
7362
42998
72850
76619
99654
21813
47846
87049
27667
87774
38605
12810
95822
37687
75033
88928
27846
78298
24686
35625
25802
35505
8870
86981
26001
24769
16758
3514
25021
11909
36944
10773
59826
46639
65809
88680
99612
32353
52720
11228
97670
45047
44095
50836
73780
66118
17337
24514
58443
4545
78094
94190
18862
47022
92594
81835
66096
51937
29839
86394
94367
20075
27151
14633
92861
98089
38047
48664
31975
12415
22777
97777
25020
77746
71322
43438
47716
1077
10744
55997
79425
69306
37322
20536
59648
35679
66936
69353
5611
5923
86003
66808
81573
67795
94666
23024
22607
49762
49840
4110
53686
68582
30902
51425
43726
14984
51188
6552
61037
85247
31340
40154
52095
45584
28563
14086
27133
51987
95714
97174
8501
93657
76719
45362
56404
35562
51021
83606
10551
5255
38692
48863
24630
88401
76795
61322
17760
26879
29185
11362
41917
6119
47783
48690
27591
91085
14977
72592
64098
19137
67676
35861
64218
44747
81490
963
14495
48541
30451
67663
89334
39778
44116
64874
67023
11944
95890
33696
42485
32340
26846
98595
96783
31844
62706
97274
16488
20128
80545
64597
12645
91195
49005
9542
4697
80953
35334
73894
65033
17437
43646
5290
21204
35297
72659
73257
74691
84454
57090
84768
73228
18954
86471
58531
59050
26273
45846
55642
45548
32820
51951
50463
64807
19434
77776
43849
49157
30981
70737
24982
38071
45386
44570
85448
51515
85550
86989
86310
90734
99802
51839
46309
6243
25249
38677
96754
22587
64650
21965
45094
62677
54140
77364
24212
17258
14867
96104
13827
74545
49088
78867
73076
95172
44579
46233
43206
27564
60621
84726
54128
12676
75906
30771
43866
39435
39429
44106
13043
23955
86693
60854
72984
54764
65875
67099
36484
81160
35660
12287
57658
10138
69182
32802
608
11862
18318
63603
2629
40997
39232
4543
61834
19222
27268
33497
15217
32280
35114
30299
94438
90743
45288
97453
47779
9604
64251
18237
28883
38669
97683
20408
97901
57267
71112
99683
87147
20599
81241
68808
66253
80027
54256
25877
72915
71572
12741
24765
71453
42289
15034
14201
88363
81178
51025
22703
79800
89428
59900
79066
71328
51318
90020
87669
64470
2915
3420
49798
22732
51335
35641
70456
67345
73650
97624
78997
88511
98924
59545
41946
20575
18950
24804
26546
56918
69558
46321
40391
67818
18853
90860
15902
74814
94907
66121
52312
53137
75289
19767
27413
74586
21324
44091
78718
71223
52330
93098
98280
43891
65790
85414
59742
34199
4982
75280
14211
85696
31751
28861
84844
6097
50421
76327
2334
20724
53041
59800
34267
75576
37020
92788
88657
34147
22658
146
54865
26342
31609
74330
74030
19742
5036
26908
72055
53393
7613
70665
41399
60516
17828
525
66888
23571
78218
11551
83820
75001
5905
96479
93329
41930
55814
27799
44136
6281
57163
33194
25551
51700
46811
24455
91549
65841
54324
37269
40745
54187
37126
93617
55236
15108
80207
80936
97891
77006
43851
63457
75863
58220
14319
61307
86867
82244
33959
44326
31415
50166
58017
72715
37371
10548
47588
91978
36326
82765
65510
65458
65348
94630
31624
43555
19993
39327
7652
22595
59296
57572
61709
69582
18144
47484
64707
80309
50130
10444
1053
64104
80141
56456
52401
1941
95942
56218
18274
54081
46225
65245
87979
60082
48321
48675
81880
62501
72221
54960
74759
98348
67149
3033
81511
23161
27854
30357
14817
29108
6277
91839
41984
96244
60247
20535
24915
22662
83696
95596
86187
6056
91472
62814
18844
11280
1290
57290
25687
30026
96307
30998
77698
54867
1389
83875
23193
48699
77635
76784
43683
49319
1644
71071
23410
25139
47829
29970
22653
27669
49427
51756
40553
78366
75328
60001
1411
93050
45343
88925
50149
25816
65572
71236
53188
61072
73101
970
34371
51361
38724
58028
31485
77112
91369
50579
41142
82642
77898
80026
97820
81103
32349
68100
16297
41804
65237
40443
4158
78857
48947
57724
29506
92646
71617
24310
14909
47980
76430
90434
17454
25805
68480
94270
6449
29097
77598
45888
4395
61240
38111
93047
58640
82993
80874
33263
22511
59953
29879
31314
49271
78023
64544
59342
96153
4126
65107
49168
3854
66771
26916
45269
3692
75857
7795
80124
96725
93813
80947
78215
95878
74671
84792
48379
76522
83267
86170
73419
76006
9633
88068
50896
99368
92532
56111
11038
63555
32499
61684
85135
50302
9319
76841
87903
48205
42376
17438
38709
52761
89381
12297
20437
70518
89783
29283
13899
96963
64672
82137
61931
76471
3881
45123
67069
28397
7058
26831
98916
44429
69394
15496
1974
68192
36910
55697
52192
93162
94866
53687
86923
66102
55867
46818
65088
64566
60651
85050
8574
11990
33062
26149
41769
99644
31684
19913
10579
84473
74866
87824
94470
56209
65953
61519
76410
4459
58988
4622
3041
70269
83316
27645
39774
24649
18981
86445
37455
76367
30463
50330
65305
74423
7471
28412
26531
49048
54266
29710
32110
22673
79592
24182
73409
89001
10170
99284
92576
75847
23268
9370
2253
70869
59186
64929
94840
51693
47613
92368
97207
46591
91388
54588
10224
61208
16802
60929
69956
37425
99320
62476
12431
33694
61096
36619
637
3861
9503
26184
14617
74518
32964
60732
98679
13153
80317
4766
41630
10906
17032
59575
43711
77275
62525
49618
32377
24140
20338
26992
16943
87530
43924
71983
37001
54932
88205
89361
21138
2882
62192
15011
11151
45893
30690
73601
5811
67066
5742
15766
30926
25463
45782
4432
25886
44225
30138
28327
88748
10901
47566
53070
41633
15849
41594
56376
50996
96710
30815
36036
91987
31411
92233
51147
82896
47212
40879
45246
6864
13633
64382
87197
73083
44594
96917
74789
76401
32863
28676
12453
97400
92928
45722
37377
67800
4537
62836
54120
6031
39911
89710
49129
52582
34698
78372
61473
57448
43295
13205
40341
30560
80985
36469
51775
98687
31434
87643
35492
24501
20598
62521
51798
86967
24271
27607
97750
49342
99682
39803
12365
31771
27097
58594
18669
73926
42020
66592
8913
69626
189
23034
45966
4671
91695
19206
67521
47135
15282
41384
21578
99012
10278
28160
44750
17586
98111
89052
75316
62411
17383
61152
82034
96681
17404
56107
21661
21816
82971
73568
39254
3676
77028
90165
70210
97296
6256
97970
2484
78125
16140
38477
25039
13596
509
11429
12997
47101
26243
49279
43902
61854
97911
97689
92234
95312
71706
68784
7087
23424
82520
13673
4178
30327
27197
94457
99131
38910
21100
11224
25342
5158
1503
32839
48196
72194
26658
90033
35859
21811
41776
64430
10640
73078
93810
59766
86968
43102
43303
32237
23204
63589
61431
81367
12875
83512
22330
18872
31097
90360
63324
5350
59671
63875
57339
63665
91536
9251
70774
42357
80009
12971
9556
81257
47953
75496
45345
48307
20686
28177
80450
99548
15385
14937
75068
28402
96046
30526
28103
98033
24069
20517
17174
75609
51719
24274
78935
52637
74875
19345
30117
33210
53897
1387
491
25040
60742
22066
69437
92074
61725
20112
91503
58491
60477
56680
61932
60063
21017
24275
64803
68363
16628
51982
64139
94883
68933
51805
1132
95255
29827
84850
50611
3194
98630
39346
91763
81949
13273
59678
54383
34508
56453
81871
4876
29413
34954
81339
30742
55064
21481
18589
43521
46667
34194
57578
36359
90807
51056
67842
99950
4043
66726
39013
61214
34755
90462
50788
6179
93911
43686
25609
50383
95568
87805
92535
19052
88897
60798
36358
54740
31727
34992
26233
73995
72528
82721
83732
84004
87629
18902
44254
19094
41095
92579
89839
11073
14917
64291
31584
24166
60037
15937
72746
29741
23705
31469
10627
81034
13171
58115
97770
92702
54239
45504
60567
35809
70255
949
35604
7479
64312
8720
45320
86458
96687
16990
44142
81278
36069
50998
70532
73398
66507
75047
75066
26620
76526
25671
89808
97254
36290
39567
87565
78280
4967
7907
44595
46909
27167
67710
36610
75228
71466
16814
74915
155
87349
73477
85847
9216
77948
21775
75117
8168
39697
9488
51940
45119
85490
15181
93589
62298
12521
87949
26154
36345
10090
7977
48370
95558
5684
46907
18934
23979
90600
93114
78635
10037
29901
62334
88034
44990
18307
19459
93344
94727
52994
96979
84733
39252
64661
40410
92194
81672
13426
8498
45468
93251
94755
70578
90169
73761
84359
48118
67234
66729
35379
15910
94615
76543
3331
80621
51246
84261
42969
9356
6043
74777
87716
33599
90473
93222
44410
47451
37102
32066
84704
88237
96625
48351
67292
68423
57009
55099
66636
69645
97528
86598
33273
92064
80257
54562
31945
41597
28907
77115
311
19839
34360
84873
59991
28304
11580
90233
87717
49677
92237
20364
95705
81359
51184
40604
54356
58726
62387
92523
63043
64941
50913
64528
46822
34152
20582
70986
55582
67648
60521
92078
22080
14679
26775
54629
11568
46834
85199
20059
54058
77497
32436
83707
26329
56
9738
38931
52886
8256
79687
44300
75933
53318
95472
15327
21196
4368
11048
40180
19900
45993
11427
4480
86590
55247
87770
15234
93703
66587
85549
15468
44680
71385
24
48125
9441
57403
68930
3235
83631
2508
73386
46079
96373
48680
15605
72134
6725
72499
69609
89459
8937
97681
63398
25014
40902
80966
67107
31211
11698
41368
9740
21181
29279
97023
3549
53938
82177
99091
80844
39963
13438
69728
28992
79912
48790
78292
82707
79886
61622
18058
74625
36085
8545
16871
71658
81459
84904
41469
40998
32265
61463
62285
10373
42390
47362
19924
69646
16021
45277
17021
31227
70711
61300
39101
11626
46424
36079
4279
61362
66678
63529
1558
90929
85363
80969
29098
88091
1058
79468
71033
86274
20129
85095
82441
29118
30758
2371
33375
15534
71350
82040
60832
49009
56785
97002
51094
37556
87224
78117
41965
96385
35375
106
44140
82492
71320
33884
88017
75261
23721
59536
73785
70380
71480
53826
85784
44867
86181
95670
11895
56692
69495
28712
93622
1168
95199
98359
20441
40811
13478
85728
11131
68011
96530
67364
59806
91762
7259
81595
53621
32780
56450
43564
73346
37772
32070
51791
99000
28556
27627
86757
64589
11984
33257
29957
59147
57094
32827
41068
70152
6964
4040
92675
38189
60213
13738
76951
34563
64796
64853
22675
62031
28541
97792
51497
94
15163
71378
9067
18005
11325
59996
97625
33730
16563
27238
77153
62818
6188
2347
68619
63092
45979
16829
83274
8875
51702
94342
13231
25915
20173
92331
13139
129
55544
57010
62202
47788
66862
37529
76297
50117
23692
64162
41669
17289
77618
9799
54481
75743
35136
58769
48793
21537
94543
72385
39096
32429
29186
87588
6636
28917
63610
28447
10870
52587
4787
67501
76689
49775
37294
15099
88077
94771
70420
22763
87783
57310
44649
44903
99569
19782
7174
6923
64156
68049
53987
89753
51804
14649
80048
60432
93656
6053
37633
58183
36496
60103
45502
90837
69180
95260
70773
4460
23613
11575
25495
88722
65690
9273
78149
80971
57354
55810
39191
6658
89585
19766
22581
5220
90690
26268
48403
33063
83435
52110
50353
36006
88717
12132
56478
9102
74967
64621
56709
67210
62475
46314
26700
60241
58993
98196
78451
5787
95690
23062
23006
22383
94172
16152
50244
94208
6461
19860
98496
64563
60898
62733
79708
17742
52149
48812
56861
95122
97349
97161
8827
91911
12387
29687
6602
99418
16963
23014
40091
31521
65383
27342
48634
20740
56439
35134
66278
13731
35038
778
17539
30518
10369
41815
40036
25426
84719
67486
37391
19273
79211
44484
25952
62696
45229
24586
85475
90657
76459
28976
77297
88908
98188
74709
56523
98887
11621
54228
68303
5838
18287
35824
10810
24369
99394
40967
89291
84060
28474
85627
3875
90646
62303
57487
9998
50697
57603
47555
22637
18678
40314
2893
50246
85202
85130
87713
16467
56171
50276
43226
13597
11598
57236
85545
51169
45754
2958
79451
7496
34241
29350
25216
90317
61078
87571
84257
24921
22541
99444
54876
42499
95086
94180
65924
15243
13776
33547
78141
28892
25626
30527
288
36121
36869
52494
73422
67913
56002
24822
44197
72204
93276
16118
19965
22813
4190
98734
97335
81032
10987
33011
93713
10460
10393
12776
50397
68684
17023
69796
18646
33065
49216
25131
29427
76199
68792
19326
30073
25218
30326
38720
91323
19490
44663
42691
80588
28853
33935
32866
54576
27661
80467
61281
18127
54634
25871
57636
56035
17511
75636
47774
79177
23657
99004
43074
95512
82815
65422
38504
59643
60311
88306
26239
28691
75563
29147
78300
28339
83834
1314
42139
65832
34116
57330
46805
50729
5253
18799
60309
43820
35618
53540
83075
29173
40592
81453
51476
27678
33233
8737
43465
33603
12526
91929
80354
65465
87906
20784
2129
39551
84028
60017
93901
87616
17441
80264
14787
80889
16105
53979
19659
74430
96431
97252
49857
72762
24355
12385
86062
84021
76734
40325
14965
62491
35770
61546
13104
65291
15042
23198
62327
84901
26304
10702
32089
31508
48870
19605
35085
78351
53166
36317
62659
82357
20032
63850
73114
80870
93379
91086
22105
46983
82884
9877
40071
9783
73586
33391
72429
48412
43421
346
89943
512
34862
56632
93322
53514
13979
75457
1967
62284
66103
11608
65993
87131
63713
91758
75610
83208
97311
91425
36253
53048
64539
62687
55618
83850
73550
48251
71915
42681
70252
4850
85973
18593
47725
1444
68354
20023
39409
77
82188
16347
87383
5243
46297
2225
33081
68652
79976
32675
14517
11431
38630
95707
42450
92320
14674
17830
44264
86127
68044
61183
57120
63952
65505
56217
35477
69451
57817
15750
93225
57951
55868
1551
99452
37170
29978
72503
50703
71055
20191
73863
87930
61732
28683
66206
62969
44651
87369
14337
4961
77099
47889
35426
61241
52290
92082
30125
76460
9761
13111
30160
77134
98735
36060
82966
41292
35509
10323
84071
33845
11199
15450
78747
48188
48414
61670
565
27462
9594
7445
80816
47224
25266
85443
53262
70100
74382
26377
36090
91485
85955
53408
54658
52951
94958
71304
13562
10370
40733
15039
48838
90644
65983
5530
5609
77641
37321
32321
61086
58280
69456
72021
81980
55958
21778
84893
44502
57638
91943
83425
47407
98407
58290
96053
87316
62556
46381
63018
51426
19479
46452
98026
40675
67500
44313
93380
75856
55609
57452
6502
71579
98514
61881
100
67352
32400
52172
23207
87881
51074
92507
67049
48774
18821
65288
45679
36747
29840
46460
14944
60264
30424
75395
31377
82767
78382
80451
3584
1827
94556
93111
1276
54483
62363
72530
94111
82848
24046
14849
53432
44971
13090
95338
87812
95899
61291
3355
23645
35857
84834
47508
86821
92717
96534
99971
33985
2322
63497
42973
96062
44328
76435
397
89162
96125
66742
23209
25739
34501
35274
49680
64720
97497
73726
4931
84151
94143
62686
36515
14732
15810
21509
8695
55688
35751
90330
49479
32806
35261
28236
99187
39122
65946
64471
70897
59250
63317
92503
93243
9973
37012
53448
52304
31946
66665
88780
66898
31128
65767
53793
68115
91060
54593
40030
69320
10893
79348
9042
16215
90202
76648
6561
65393
54182
36962
4155
4070
16359
98192
38015
83465
39147
64153
25118
28126
41257
67561
67251
11870
90200
56190
1470
58627
83586
56008
3755
71725
26691
45760
45758
24607
59239
75764
21565
69886
27424
47931
56896
25752
21323
6021
44073
91305
12284
9428
73241
37374
14388
49938
67294
34278
85774
44024
44285
7778
86204
50984
71305
47290
34758
67256
85508
18711
88952
1263
25128
31979
90274
49820
37071
75027
4881
41245
10689
72704
57596
51490
50469
70996
43541
33337
41884
17949
12032
74600
73971
75133
47645
65785
17802
19383
3524
41844
5982
2859
28580
97167
83016
77279
58427
444
4529
75723
19451
44207
32860
30098
58038
14752
15020
6409
12018
91354
40105
14253
68674
94081
38246
42397
30164
30954
14709
35245
62939
87631
38969
82871
3902
78135
75503
56227
51551
96661
21150
36735
43661
40754
93726
45855
24949
78915
65169
12762
52771
83298
95631
39682
45302
17610
98245
41751
18445
26492
78078
11317
80166
49613
4386
41500
12795
55328
4793
54117
32973
10459
81786
66088
19446
34178
60922
33138
7826
72935
31362
63928
6125
14911
18505
76103
40068
90940
15913
22359
87384
36810
44915
26020
33055
2467
30812
5485
20923
74237
12344
69116
15804
63934
480
39307
43780
58687
10442
19675
3520
99933
91168
81191
6319
12943
67885
61984
72989
51817
69997
92600
39370
33513
14243
91329
44863
46262
4884
61982
98969
12876
71755
6038
40909
37727
24706
19874
56619
81461
87942
36228
67185
91960
70461
44735
81017
15951
72407
98427
27271
70366
74231
18693
9508
16686
70130
71143
274
72249
56901
72911
7103
4747
298
91049
87994
844
97301
32416
48553
60928
56045
28618
98759
71695
8897
3682
50564
55616
93807
31228
14147
15334
40252
50470
635
18284
46266
82629
23452
94268
1475
77557
96906
60482
37008
47916
29298
65990
394
77111
24186
48821
34046
84279
24333
17030
3072
32662
89595
29983
22823
69061
86435
49347
22503
83064
59196
45242
93731
53794
15854
73070
32987
75151
79638
70150
50022
81449
95582
58849
11056
91781
32232
31678
13309
32431
94623
19785
55453
5054
26113
47050
78721
16257
73412
49805
29379
70452
84597
46610
36839
78528
46778
98205
41297
92249
50793
34041
7567
34979
31828
87963
12090
93675
5937
86777
12725
67938
94674
16540
19283
1958
17817
62697
34043
27514
20731
67443
59347
88194
85283
55082
97998
47614
23376
37246
28079
79219
43138
22967
46745
32432
21132
84481
91380
70228
55812
60496
21657
26787
2234
68908
15123
22534
36669
48755
11942
21572
93090
34451
19123
83340
93596
93383
82758
8208
73120
45901
12451
67747
47439
40964
31998
81550
6
1064
86956
3373
73915
26067
94897
78021
3358
4263
64107
36389
51725
93264
30802
20361
36648
59188
21455
70168
65954
72582
92962
28098
47442
85667
60149
25757
96561
62255
58504
3487
35745
64111
94134
25633
97158
48489
20589
63311
32673
96504
40655
37375
33533
42729
28276
12888
56053
98059
82506
85978
62605
31455
2210
28731
95795
485
78666
57197
53264
95179
68596
98246
49331
26545
37074
36243
83046
71885
58742
60574
17507
31810
8806
58771
26989
66244
68904
72309
26324
27117
89799
31064
69433
54782
92278
2995
45524
966
45756
77773
51181
74910
87715
93265
88009
6976
13780
87988
80259
16575
65129
17911
5425
86454
92280
86639
81630
19868
19749
92469
93582
62223
57057
93631
14898
41778
2908
65726
75094
29400
24492
18830
76132
2683
72501
85707
57583
99674
25300
24396
56867
77822
73403
58043
71858
39615
70399
70923
29721
62272
95020
89071
70454
97764
91833
46782
37878
37851
92495
71828
11088
24336
2374
88628
88355
64913
42515
87192
42563
13969
28494
57909
88161
29807
16794
82407
3422
29572
81077
18472
96156
88214
67414
67975
76356
86191
24731
47000
36234
47307
33362
70674
62585
93399
18023
72147
3240
92918
48599
62000
95976
6594
9422
22734
14724
39563
48093
35137
46814
89033
3569
63252
74807
69259
76791
35538
5962
79484
99757
94295
9382
86884
60018
37916
37097
98489
49146
69478
45989
81931
98898
36443
40915
34707
4329
98153
22270
76472
28762
2395
4758
54096
68821
87471
84814
81687
90535
56674
63614
77384
25284
51500
8706
53239
78362
32362
37984
47264
26718
84586
98478
28779
82449
9007
67569
72800
15200
54941
7905
99217
27767
41492
27639
52319
45994
13191
83569
22828
55431
53146
10003
86601
39098
66152
92779
9163
37382
56398
84546
68657
87042
49558
31402
79932
29676
74346
4802
10110
99602
54721
1700
13220
26609
13167
78196
44988
41448
66684
87325
32943
57017
74844
93340
54399
86767
41857
73013
79698
25604
62656
55042
89847
28893
6752
18988
63425
67652
95165
32979
31991
44574
73283
13352
46542
94802
87679
76415
93012
52558
55610
79922
38811
26661
54630
12671
14100
58853
89637
49043
10447
63088
17763
96421
42321
74717
5832
20092
66748
54994
87040
17985
33996
18066
70477
40550
43873
14801
55203
20547
22489
87151
41504
70913
90655
79004
88381
61119
97239
30889
6764
44003
48518
28205
35945
29558
11969
37538
68276
88202
48431
11950
1440
47761
52635
36521
91007
56845
52767
32135
54843
82783
78241
25527
22404
89031
41347
39269
98103
79089
4170
64554
57252
6160
89560
35216
97294
45070
22225
92301
13915
60053
63658
75383
3474
61375
96804
21
83838
30990
70402
82723
5789
78772
31522
81541
83553
215
50592
63008
81233
87228
42907
22367
91827
71977
69584
77569
93371
45945
73244
47138
41841
18651
71207
95937
87835
28354
50880
35075
66531
92968
42796
75890
44729
63155
10016
56525
18672
21076
10365
29986
53533
35627
95198
93577
86868
97072
72303
80239
47368
69612
57161
88148
35940
15819
19827
97440
49502
52050
54477
52100
12924
45581
79482
4902
90130
66466
89138
27031
32709
4268
38316
44360
37053
96422
3779
20466
16017
42298
49064
92652
80583
78242
39543
15638
72411
36609
24884
95909
59675
36296
25350
64171
15149
33612
67716
7308
87617
13646
14305
44884
33009
21202
29658
10725
21417
20714
42193
88021
59561
15521
17314
35983
82544
2053
13828
46863
10296
42645
44302
89499
88404
72109
74579
15022
27414
14402
88182
10276
38419
9739
56471
47390
55276
38185
39158
73145
59898
12328
61767
3659
12220
13864
84960
77798
41487
13417
9514
93260
382
95760
6700
60109
31566
49761
63826
72904
766
46349
51852
8347
91202
87023
32654
67964
89928
96317
7400
2389
7655
64577
76317
54020
31403
22399
81917
27398
353
88387
23189
51543
19213
40798
71951
23781
23371
13476
96584
55694
55430
14742
67408
36279
36786
92131
74851
65860
66594
98095
57130
34786
56388
80198
14788
70238
82564
16289
99567
14115
6035
93966
89735
98935
48547
8124
66797
24773
63443
5703
15572
22050
21479
69858
69545
28600
18218
52513
49059
11670
9760
59918
92476
38001
19004
69014
73466
31659
81945
84547
99396
48587
75266
57397
6696
1550
64250
68198
86343
11021
45849
59644
15463
38837
89447
67685
14881
33024
50490
16496
6988
45013
73801
66047
51483
71842
98096
28668
76665
75456
45484
91736
91127
85382
93166
37189
91623
18569
31177
5513
42805
10131
64158
65658
35500
23706
5686
31596
42029
1418
43251
90510
12893
56020
53523
10493
51325
76602
17183
17862
473
10273
9266
51751
6691
43133
89187
42167
23929
85450
68798
79827
86737
96451
25168
48762
59867
42649
58971
22014
79732
32684
71550
77520
82724
21534
42476
43085
67558
60864
60087
64081
78457
66444
57700
76032
96666
32736
65057
84795
26405
31329
65426
87283
25665
23930
27595
63127
81721
26892
15456
23620
4226
13356
94275
69100
81031
14218
24466
55171
72801
46144
35733
45367
23740
42981
51069
3405
79174
9229
52702
92015
93257
63384
62619
85264
59352
8120
84426
85150
44246
75307
4246
78608
68020
2028
7568
58838
2458
88211
81688
94318
24633
9366
33521
35561
29998
30662
5430
97339
80988
17364
363
59890
11913
26357
75250
31881
75962
5793
93461
40779
80771
51375
77522
56269
60224
26961
65401
11432
69696
99616
24513
98949
79135
66232
57942
2408
71531
57819
11493
54767
58515
9988
97476
59517
45023
65274
44730
95403
23412
1184
23106
16831
5072
23687
599
80679
61335
81280
66344
87011
7612
34290
59983
8543
1852
23786
25286
2436
28855
60821
97865
81399
11152
96740
91941
8267
41491
37931
40527
47255
28241
33681
71805
71351
17994
1730
72038
25711
19557
69515
29777
78102
88940
77716
82242
46069
64872
17087
87128
41762
23557
73393
39416
31157
75850
77980
57501
49260
92340
21443
51048
72920
66964
75473
56297
52186
90783
23960
76686
56233
93954
87893
82818
22605
79287
53570
9859
98893
42050
84796
45041
19546
81802
92418
15104
82606
32287
7403
63143
42700
85996
60542
45661
15186
55354
57431
89633
99607
6819
80164
25706
1979
40790
27621
10840
40680
33885
30638
98440
38006
29532
25071
53699
49398
83556
22924
89655
57226
2550
59798
87598
76450
25005
80111
42936
5226
23299
73627
11835
4995
43468
63106
56552
23084
37225
62256
39129
65705
98167
67808
14436
1037
70368
7536
49100
40261
65826
77736
81166
90193
33673
3040
36063
92820
26511
29685
36444
79916
30494
92939
89471
67499
85341
93262
68243
46123
74731
18199
63253
22149
95146
47647
59906
21869
97366
63349
51269
58379
41444
44292
48335
38902
85839
83846
40858
79347
42833
56954
40489
14947
37223
93525
51915
96671
56088
31704
66130
55444
62582
95693
80782
29323
45146
96255
17211
20359
82794
94591
77983
35694
3743
53202
8533
6808
48007
65968
91089
22766
46720
40579
76028
44271
45460
40896
97082
73775
99047
81586
38365
84703
67250
14108
70708
5803
70746
83019
24563
30039
80132
6769
8172
24453
25427
20018
81638
69877
89968
98849
57731
58476
67864
87326
33147
49093
57225
59074
29294
17901
20935
52800
4203
23775
78549
1931
45489
10262
37023
22295
94053
81092
71072
83710
89372
74100
58246
47679
18299
40926
14916
34568
15686
72350
70729
9971
6713
29362
40791
46930
65581
63786
65432
76706
68963
66559
85013
90479
52429
33435
50071
36116
99862
125
57088
33400
98499
23689
38941
3874
70312
97198
16757
82348
97729
81634
66885
56272
79801
34757
46449
60115
65217
90361
10932
65812
3739
65498
56799
53411
28932
23670
8800
70625
4999
3011
43051
30224
56902
38296
1420
82234
63432
27924
39113
18538
22019
89234
30920
5207
42903
57623
36842
59053
25902
15448
96802
71460
86419
35550
46914
17770
91881
89549
64986
80759
64858
46972
63336
95454
22951
51120
83495
55494
1140
74577
89971
64992
78599
88685
384
59351
36373
96260
90082
64172
27528
36047
82291
85878
88856
74784
40653
82292
22928
32496
27599
55683
43383
53764
42378
74918
22762
32233
95823
91694
71587
47970
79301
59981
55387
12093
47373
55113
38643
84984
33082
47151
6289
6974
79817
50476
10422
23000
70110
80600
89163
17717
36485
8325
12919
87448
6467
94515
11204
57049
8641
57562
47906
87948
53159
48813
48266
72507
26234
64408
86647
21841
72456
55747
44160
28167
35385
65048
52440
31027
23051
12459
64310
640
24666
94281
15383
41976
22864
44781
65012
77102
10286
66242
53742
36009
47496
85913
77856
49959
69447
45566
100000
51849
7686
91188
91234
93224
95769
97051
10118
75737
44082
64664
31882
99543
56717
36284
89661
41577
76168
35699
62084
56009
34913
52141
46177
76281
73680
54521
90071
25120
217
64077
76073
4165
41476
50730
92521
4486
29923
44242
70203
82536
30506
95147
43337
32107
15275
90973
49934
68730
5748
33819
7104
97739
7352
19157
84763
82619
50217
58940
53717
73323
99375
71436
85155
85277
11449
7533
37491
58170
68185
81910
11667
68570
93534
16005
20451
85435
72127
38995
49211
29313
99915
74833
30694
66393
92263
97245
93665
12063
72684
38854
59942
30427
71222
71866
92191
52874
85244
21268
82996
20873
43345
77749
8057
58033
83113
78913
73183
1255
70272
93815
5024
21091
70778
56968
96207
44457
33344
41838
65178
92688
94302
97304
13663
50828
78819
56724
28785
35619
12574
78288
46840
41230
61687
10642
15716
29018
79342
55700
18993
94146
26262
70429
30756
93953
29969
751
40706
36844
55789
6145
96268
50635
56188
57995
7025
11106
54208
80236
68782
71924
37173
91731
69345
82473
41852
54160
34418
26708
27671
65289
2035
48063
96060
73487
91272
41667
69084
99600
69803
69667
81112
18349
26482
78796
51753
59596
24970
45953
53357
75508
88183
49908
41898
82838
54385
76048
64123
7542
83489
85041
28613
92727
8568
86549
33239
60556
2125
55547
48376
88259
32368
56015
61276
90784
33798
8096
81342
52466
99441
33095
82186
560
50111
21915
80961
34198
87635
81546
22994
60330
15401
49497
16493
97700
90965
82558
40228
99871
43126
3
13142
92803
52511
5991
50852
66736
68385
18719
6996
61216
91979
45925
60000
12719
41570
4578
76716
74900
57591
59844
82944
98889
35732
76854
51216
99411
92687
90102
58426
95682
88283
79195
13335
93142
66853
61381
85027
46593
34070
70178
12596
69527
33669
94667
52697
20963
73372
16331
72228
11958
55137
46596
24066
79559
33160
29443
56854
15033
13064
74976
54021
83821
15891
82892
9966
4710
31238
54611
96757
35595
79838
96720
44080
31744
49852
35160
9249
71787
85439
70308
71700
9754
56106
65177
1081
51939
93440
21213
61994
98656
59321
62934
60846
40114
71173
74507
32939
36691
39208
60787
84322
54565
20824
9675
28369
54722
71517
18928
41888
84888
60534
41519
93312
37698
93025
63325
64905
75105
46113
62381
71048
25004
42960
73821
30500
88392
12303
50089
51473
7939
55019
79171
8076
35588
43789
14532
62928
35486
38757
87459
17902
15437
81070
1343
54432
71906
93919
43539
60020
54622
56671
85848
94089
54904
92242
87879
41931
78205
79338
88466
27862
64816
58232
91679
18099
25472
42348
92027
74591
98211
84605
6922
62539
45547
25374
60389
86882
47182
3044
94413
48262
46089
24777
44637
67876
66719
2837
65641
5109
62017
98806
21094
35701
1499
43299
71553
58494
6580
51256
21843
73117
92275
68626
68168
78675
67872
5397
60762
27761
76692
78194
30627
76877
87514
3221
41299
84246
64806
81547
20326
31583
59447
70140
56581
70560
48575
95087
89465
20484
62870
15298
80260
92395
49228
42437
86896
23560
80216
10886
82164
18390
57853
87052
73878
89274
66134
35455
9119
61356
83513
24161
84434
49735
88789
39038
59585
26921
15040
61635
73802
18982
37286
8268
3791
35514
13560
52919
81537
98232
28159
92996
91668
18708
23870
48381
11265
80391
8745
73465
58324
26507
9981
81268
20124
88101
26771
2936
16807
7904
12889
23138
59065
65042
33867
95099
72165
40620
96779
30042
78057
93628
31075
14894
60623
30473
77269
30449
72399
94913
29340
5615
6935
94376
18975
93840
52275
4656
48373
3756
8631
83940
76965
6516
8767
26542
77366
57635
4083
72852
60996
11742
19797
8733
61913
65439
95383
55330
3725
38896
29638
81313
69750
84480
41676
4757
88061
99829
17105
13150
11705
8835
362
91136
23217
63054
31174
45150
81464
54320
50921
50033
90218
32417
11295
99290
77052
23100
99265
36665
29467
73038
12429
96706
96448
69270
87620
1137
61171
50605
59319
39675
66330
70047
6841
10532
44745
67103
12219
24390
12299
29059
9962
84906
1866
42783
34453
74662
62753
84031
40563
75919
10693
31003
24291
36166
93735
32350
79747
54888
47474
42104
21888
20733
211
79826
94915
36454
70483
87574
82701
33651
92504
36725
1231
70381
